%pHIV = [5, 1000]; pINF = [974, 10000000]; I1Iterations = 1; I2Iterations = 2; boundaryCodition = periodic
%IterationHealthyInfected_1Infected_2Dead

0	994897	5103	0	0	
1	907457	87440	5103	0	
2	621320	286137	92543	0	
3	259073	362247	373577	5103	
4	57485	206649	648384	87482	
5	95834	48221	568896	287049	
6	375802	4275	254870	365053	
7	736244	1014	52496	210246	
8	940791	3607	5289	50313	
9	981624	8979	4621	4776	
10	969088	17264	12586	1062	
11	941781	28364	26243	3612	
12	903536	41823	45628	9013	
13	856345	56109	70187	17359	
14	803538	70003	97932	28527	
15	749299	82467	126112	42122	
16	698202	92812	152470	56516	
17	655335	98826	175279	70560	
18	626022	99157	191638	83183	
19	612403	95941	197983	93673	
20	614886	90228	195098	99788	
21	629634	84032	186169	100165	
22	650765	78072	174260	96903	
23	673457	73195	162104	91244	
24	691675	72097	151267	84961	
25	700881	74884	145292	78943	
26	700187	78885	146981	73947	
27	688316	85091	153769	72824	
28	667643	92773	163976	75608	
29	643510	99051	177864	79575	
30	619231	103048	191824	85897	
31	600444	103769	202099	93688	
32	591701	101541	206817	99941	
33	594523	96116	205310	104051	
34	608577	88968	197657	104798	
35	629490	82852	185084	102574	
36	649968	81061	171820	97151	
37	664206	81924	163913	89957	
38	667982	85281	162985	83752	
39	660828	90059	167205	81908	
40	646527	95389	175340	82744	
41	627931	100538	185448	86083	
42	609639	103481	195927	90953	
43	594630	105038	204019	96313	
44	583687	106325	208519	101469	
45	578492	105704	211363	104441	
46	579028	102894	212029	106049	
47	584731	99285	208598	107386	
48	595770	95233	202179	106818	
49	606940	94594	194518	103948	
50	613344	96503	189827	100326	
51	612291	100359	191097	96253	
52	601990	105564	196862	95584	
53	585605	111032	205923	97440	
54	566177	115921	216596	101306	
55	547158	119305	226953	106584	
56	531347	121337	235226	112090	
57	521855	120429	240642	117074	
58	521550	116166	241766	120518	
59	528952	111861	236595	122592	
60	539931	110372	228027	121670	
61	549294	111094	222233	117379	
62	551174	114319	221466	113041	
63	543786	119292	225413	111509	
64	529067	125123	233611	112199	
65	507065	133038	244415	115482	
66	480277	141073	258161	120489	
67	451006	148538	274111	126345	
68	423189	152870	289611	134330	
69	401109	155080	301408	142403	
70	387505	154523	307950	150022	
71	382811	153214	309603	154372	
72	383484	152147	307737	156632	
73	387339	151164	305361	156136	
74	391095	150814	303311	154780	
75	389169	155094	301978	153759	
76	379037	162356	305908	152699	
77	359895	170299	317450	152356	
78	333442	177363	332655	156540	
79	305402	183014	347662	163922	
80	289824	177801	360377	171998	
81	288374	171719	360815	179092	
82	287977	177682	349520	184821	
83	287780	183194	349401	179625	
84	275629	189946	360876	173549	
85	264331	183108	373140	179421	
86	266886	175051	373054	185009	
87	267838	182180	358159	191823	
88	268287	189464	357231	185018	
89	253504	197929	371644	176923	
90	237125	191457	387393	184025	
91	236793	182493	389386	191328	
92	237433	188807	373950	199810	
93	239576	195624	371300	193500	
94	227965	203098	384431	184506	
95	214350	196294	398722	190634	
96	216458	186655	399392	197495	
97	220245	191745	382949	205061	
98	225783	197490	378400	198327	
99	217808	204285	389235	188672	
100	207262	197342	401775	193621	
101	210783	188160	401627	199430	
102	214670	193526	385502	206302	
103	219194	199649	381686	199471	
104	210029	206693	393175	190103	
105	198158	200098	406342	195402	
106	200966	190666	406791	201577	
107	205017	195536	390764	208683	
108	210455	201184	386202	202159	
109	202736	207774	396720	192770	
110	192688	200947	408958	197407	
111	196656	191422	408721	203201	
112	202100	195673	392369	209858	
113	208591	201227	387095	203087	
114	201865	207743	396900	193492	
115	192296	201075	408970	197659	
116	196432	191591	408818	203159	
117	201818	195764	392666	209752	
118	208297	201153	387355	203195	
119	201823	207653	396917	193607	
120	192284	201184	408806	197726	
121	196322	191674	408837	203167	
122	201742	195710	392858	209690	
123	208260	201107	387384	203249	
124	201920	207563	396817	193700	
125	192375	201283	408670	197672	
126	196327	191813	408846	203014	
127	201538	195753	393096	209613	
128	208195	200951	387566	203288	
129	201855	207580	396704	193861	
130	192464	201202	408531	197803	
131	196436	191856	408782	202926	
132	201563	195803	393058	209576	
133	208136	200920	387659	203285	
134	201978	207439	396723	193860	
135	192591	201307	408359	197743	
136	196372	191981	408746	202901	
137	201408	195782	393288	209522	
138	207996	200809	387763	203432	
139	201918	207362	396591	194129	
140	192857	201273	408171	197699	
141	196322	192224	408635	202819	
142	201459	195678	393497	209366	
143	207913	200770	387902	203415	
144	202194	207188	396448	194170	
145	192958	201504	407958	197580	
146	196244	192288	408692	202776	
147	201352	195593	393792	209263	
148	207843	200697	387881	203579	
149	202283	207145	396290	194282	
150	193010	201626	407842	197522	
151	196179	192409	408771	202641	
152	201217	195623	394035	209125	
153	207647	200650	388032	203671	
154	202273	207027	396273	194427	
155	193100	201629	407677	197594	
156	196257	192465	408656	202622	
157	201113	195639	394094	209154	
158	207788	200492	388104	203616	
159	202308	207154	396131	194407	
160	193208	201649	407646	197497	
161	196168	192561	408803	202468	
162	201099	195541	394210	209150	
163	207681	200427	388102	203790	
164	202366	206957	395968	194709	
165	193547	201603	407384	197466	
166	196247	192876	408560	202317	
167	201023	195520	394479	208978	
168	207587	200271	388396	203746	
169	202517	206799	395791	194893	
170	193750	201704	407070	197476	
171	196305	192942	408503	202250	
172	200947	195527	394646	208880	
173	207601	200192	388469	203738	
174	202672	206756	395719	194853	
175	193710	201881	406948	197461	
176	196191	192963	408637	202209	
177	201001	195441	394844	208714	
178	207362	200220	388404	204014	
179	202735	206571	395661	195033	
180	193864	201961	406791	197384	
181	196171	193091	408532	202206	
182	200958	195379	395052	208611	
183	207275	200188	388470	204067	
184	202890	206452	395567	195091	
185	194052	202033	406640	197275	
186	196184	193206	408485	202125	
187	200950	195355	395239	208456	
188	207169	200174	388561	204096	
189	202796	206352	395529	195323	
190	194086	201990	406526	197398	
191	196114	193311	408342	202233	
192	201007	195313	395301	208379	
193	207188	200163	388624	204025	
194	202818	206330	395476	195376	
195	194242	202008	406493	197257	
196	196066	193433	408338	202163	
197	200861	195297	395441	208401	
198	207169	200083	388730	204018	
199	202824	206345	395380	195451	
200	194254	202050	406428	197268	
201	195999	193500	408395	202106	
202	200839	195230	395550	208381	
203	207051	200034	388730	204185	
204	202899	206269	395264	195568	
205	194466	202092	406303	197139	
206	196039	193663	408361	201937	
207	200768	195208	395755	208269	
208	207036	199929	388871	204164	
209	202915	206221	395137	195727	
210	194433	202123	406150	197294	
211	196115	193620	408344	201921	
212	200745	195269	395743	208243	
213	206944	199913	388889	204254	
214	203085	206117	395182	195616	
215	194481	202313	406030	197176	
216	195903	193740	408430	201927	
217	200589	195209	396053	208149	
218	206755	199880	388949	204416	
219	203108	205991	395089	195812	
220	194603	202418	405871	197108	
221	195880	193923	408409	201788	
222	200435	195225	396341	207999	
223	206479	199749	389148	204624	
224	203282	205736	394974	196008	
225	194795	202546	405485	197174	
226	195845	194100	408282	201773	
227	200523	195084	396646	207747	
228	206410	199735	389184	204671	
229	203475	205607	394819	196099	
230	195036	202679	405342	196943	
231	195800	194247	408286	201667	
232	200400	195043	396926	207631	
233	206324	199610	389290	204776	
234	203503	205544	394653	196300	
235	195067	202802	405154	196977	
236	195730	194369	408346	201555	
237	200288	195018	397171	207523	
238	206249	199533	389387	204831	
239	203569	205493	394551	196387	
240	195186	202849	405026	196939	
241	195701	194472	408342	201485	
242	200212	194964	397321	207503	
243	206148	199482	389436	204934	
244	203627	205388	394446	196539	
245	195394	202848	404870	196888	
246	195721	194646	408236	201397	
247	200223	194931	397494	207352	
248	205996	199459	389577	204968	
249	203774	205197	394390	196639	
250	195491	202971	404656	196882	
251	195724	194709	408168	201399	
252	200174	194935	397680	207211	
253	205955	199399	389644	205002	
254	203874	205140	394334	196652	
255	195448	203117	404539	196896	
256	195665	194707	408257	201371	
257	200054	194945	397824	207177	
258	205776	199305	389652	205267	
259	204022	204954	394250	196774	
260	195583	203250	404259	196908	
261	195631	194850	408204	201315	
262	199942	194926	398100	207032	
263	205755	199183	389776	205286	
264	203994	204978	394109	196919	
265	195671	203239	404161	196929	
266	195826	194894	408217	201063	
267	199822	195058	398133	206987	
268	205598	199061	389952	205389	
269	204149	204806	394119	196926	
270	195786	203365	403867	196982	
271	195744	195033	408171	201052	
272	199747	195013	398398	206842	
273	205445	199035	390046	205474	
274	204099	204669	394048	197184	
275	195970	203380	403704	196946	
276	195654	195224	408049	201073	
277	199755	194930	398604	206711	
278	205412	199012	390154	205422	
279	204116	204664	393942	197278	
280	195917	203452	403676	196955	
281	195619	195266	408116	200999	
282	199628	194970	398718	206684	
283	205322	198907	390236	205535	
284	204262	204562	393877	197299	
285	196073	203528	403469	196930	
286	195687	195369	408090	200854	
287	199619	194959	398897	206525	
288	205199	198937	390328	205536	
289	204171	204518	393896	197415	
290	196126	203489	403455	196930	
291	195623	195467	408007	200903	
292	199521	194981	398956	206542	
293	205171	198867	390448	205514	
294	204076	204492	393848	197584	
295	196389	203384	403359	196868	
296	195550	195712	407876	200862	
297	199542	194895	399096	206467	
298	205065	198856	390607	205472	
299	204168	204370	393751	197711	
300	196392	203503	403226	196879	
301	195647	195714	407873	200766	
302	199497	194940	399217	206346	
303	204919	198800	390654	205627	
304	204307	204193	393740	197760	
305	196541	203593	402993	196873	
306	195570	195804	407786	200840	
307	199616	194810	399397	206177	
308	204785	198928	390614	205673	
309	204295	204128	393738	197839	
310	196489	203623	403056	196832	
311	195485	195831	407751	200933	
312	199552	194808	399454	206186	
313	204843	198895	390639	205623	
314	204343	204134	393703	197820	
315	196532	203672	403029	196767	
316	195421	195871	407806	200902	
317	199568	194762	399543	206127	
318	204816	198863	390633	205688	
319	204385	204134	393625	197856	
320	196518	203711	402997	196774	
321	195558	195850	407845	200747	
322	199380	194885	399561	206174	
323	204727	198739	390735	205799	
324	204425	204037	393624	197914	
325	196628	203751	402776	196845	
326	195442	195978	407788	200792	
327	199404	194800	399729	206067	
328	204643	198719	390778	205860	
329	204471	203900	393519	198110	
330	196867	203750	402619	196764	
331	195524	196163	407650	200663	
332	199396	194812	399913	205879	
333	204513	198689	390975	205823	
334	204471	203797	393501	198231	
335	197013	203776	402486	196725	
336	195428	196317	407573	200682	
337	199336	194734	400093	205837	
338	204475	198647	391051	205827	
339	204544	203710	393381	198365	
340	197099	203792	402357	196752	
341	195461	196401	407502	200636	
342	199255	194796	400193	205756	
343	204285	198655	391197	205863	
344	204433	203664	393451	198452	
345	197076	203821	402319	196784	
346	195385	196484	407485	200646	
347	199272	194766	400305	205657	
348	204283	198638	391250	205829	
349	204373	203630	393404	198593	
350	197211	203766	402268	196755	
351	195420	196609	407396	200575	
352	199178	194803	400375	205644	
353	204285	198550	391412	205753	
354	204335	203658	393353	198654	
355	197237	203748	402208	196807	
356	195544	196586	407406	200464	
357	199103	194881	400334	205682	
358	204274	198455	391467	205804	
359	204300	203580	393336	198784	
360	197454	203643	402035	196868	
361	195567	196757	407223	200453	
362	199277	194832	400400	205491	
363	204098	198575	391589	205738	
364	204369	203448	393407	198776	
365	197366	203781	402023	196830	
366	195406	196786	407229	200579	
367	199162	194818	400567	205453	
368	203963	198560	391604	205873	
369	204411	203350	393378	198861	
370	197490	203815	401910	196785	
371	195368	196888	407165	200579	
372	199231	194765	400703	205301	
373	203893	198608	391653	205846	
374	204364	203309	393373	198954	
375	197598	203783	401917	196702	
376	195368	197061	407092	200479	
377	199078	194817	400844	205261	
378	203714	198552	391878	205856	
379	204399	203147	393369	199085	
380	197805	203812	401699	196684	
381	195303	197216	406959	200522	
382	199111	194698	401028	205163	
383	203760	198482	391914	205844	
384	204462	203092	393180	199266	
385	197938	203853	401574	196635	
386	195238	197321	406945	200496	
387	199011	194668	401174	205147	
388	203724	198393	391989	205894	
389	204530	203081	393061	199328	
390	197982	203939	401474	196605	
391	195187	197415	407020	200378	
392	198872	194590	401354	205184	
393	203755	198248	392005	205992	
394	204535	203063	392838	199564	
395	198308	203848	401311	196533	
396	195290	197622	406911	200177	
397	198874	194643	401470	205013	
398	203757	198206	392265	205772	
399	204355	203117	392849	199679	
400	198228	203748	401323	196701	
401	195322	197635	406865	200178	
402	198757	194743	401383	205117	
403	203564	198211	392378	205847	
404	204362	202962	392954	199722	
405	198323	203810	401173	196694	
406	195341	197710	406772	200177	
407	198792	194752	401520	204936	
408	203445	198216	392462	205877	
409	204431	202831	392968	199770	
410	198394	203796	401047	196763	
411	195323	197814	406627	200236	
412	198852	194714	401610	204824	
413	203441	198246	392528	205785	
414	204385	202796	392960	199859	
415	198546	203796	401042	196616	
416	195209	197977	406592	200222	
417	198835	194600	401773	204792	
418	203441	198204	392577	205778	
419	204367	202800	392804	200029	
420	198600	203755	401004	196641	
421	195342	198017	406555	200086	
422	198709	194724	401772	204795	
423	203418	198121	392741	205720	
424	204211	202847	392845	200097	
425	198656	203647	400968	196729	
426	195424	198048	406494	200034	
427	198498	194857	401695	204950	
428	203523	197888	392905	205684	
429	204280	202861	392745	200114	
430	198752	203658	400749	196841	
431	195553	198143	406519	199785	
432	198314	194929	401801	204956	
433	203499	197739	393072	205690	
434	204155	202921	392668	200256	
435	198732	203626	400660	196982	
436	195582	198203	406547	199668	
437	198312	195026	401829	204833	
438	203390	197716	393229	205665	
439	204180	202783	392742	200295	
440	198784	203615	400499	197102	
441	195693	198188	406398	199721	
442	198266	195169	401803	204762	
443	203214	197743	393357	205686	
444	204261	202623	392912	200204	
445	198757	203705	400366	197172	
446	195817	198186	406328	199669	
447	198200	195249	401891	204660	
448	203159	197648	393435	205758	
449	204356	202566	392897	200181	
450	198787	203752	400214	197247	
451	195912	198147	406318	199623	
452	198223	195319	401899	204559	
453	203124	197605	393466	205805	
454	204396	202520	392924	200160	
455	198702	203814	400125	197359	
456	195929	198155	406334	199582	
457	198192	195307	401969	204532	
458	203169	197545	393462	205824	
459	204493	202522	392852	200133	
460	198746	203905	400067	197282	
461	195914	198163	406427	199496	
462	198081	195377	402068	204474	
463	203069	197497	393540	205894	
464	204412	202438	392874	200276	
465	198758	203822	399935	197485	
466	196029	198184	406260	199527	
467	198175	195396	402006	204423	
468	202960	197549	393580	205911	
469	204397	202349	392945	200309	
470	198856	203798	399898	197448	
471	196116	198257	406147	199480	
472	198032	195557	402055	204356	
473	202851	197473	393814	205862	
474	204411	202255	393030	200304	
475	198820	203852	399728	197600	
476	196217	198236	406107	199440	
477	197969	195643	402088	204300	
478	202882	197368	393879	205871	
479	204462	202272	393011	200255	
480	198827	203872	399640	197661	
481	196235	198277	406144	199344	
482	197990	195693	402149	204168	
483	202625	197477	393970	205928	
484	204428	202087	393170	200315	
485	198763	203973	399564	197700	
486	196255	198259	406060	199426	
487	197970	195762	402232	204036	
488	202527	197436	394021	206016	
489	204473	202014	393198	200315	
490	198869	203941	399450	197740	
491	196204	198383	405955	199458	
492	197976	195654	402324	204046	
493	202542	197441	394037	205980	
494	204438	202031	393095	200436	
495	198921	203927	399472	197680	
496	196262	198379	405958	199401	
497	197955	195701	402306	204038	
498	202581	197358	394080	205981	
499	204583	201960	393059	200398	
500	198932	204048	399318	197702	
501	196242	198389	406008	199361	
502	197982	195698	402437	203883	
503	202331	197476	394087	206106	
504	204557	201778	393174	200491	
505	198970	204030	399254	197746	
506	196254	198454	405808	199484	
507	198055	195713	402484	203748	
508	202105	197523	394167	206205	
509	204723	201571	393236	200470	
510	198954	204226	399094	197726	
511	196171	198449	405797	199583	
512	198043	195658	402675	203624	
513	202158	197533	394107	206202	
514	204721	201588	393191	200500	
515	199079	204179	399121	197621	
516	196095	198575	405767	199563	
517	198044	195573	402754	203629	
518	202132	197501	394148	206219	
519	204686	201578	393074	200662	
520	199168	204186	399079	197567	
521	196119	198622	405764	199495	
522	198071	195580	402808	203541	
523	202022	197568	394202	206208	
524	204656	201485	393148	200711	
525	199166	204141	399053	197640	
526	196179	198635	405626	199560	
527	198113	195620	402776	203491	
528	201997	197542	394255	206206	
529	204650	201435	393162	200753	
530	199171	204109	398977	197743	
531	196360	198617	405544	199479	
532	198107	195748	402726	203419	
533	201943	197566	394365	206126	
534	204651	201415	393314	200620	
535	199169	204118	398981	197732	
536	196240	198670	405533	199557	
537	198109	195753	402788	203350	
538	201844	197575	394423	206158	
539	204553	201350	393328	200769	
540	199185	204110	398925	197780	
541	196245	198735	405460	199560	
542	198014	195790	402845	203351	
543	201882	197522	394525	206071	
544	204481	201357	393312	200850	
545	199306	203994	398879	197821	
546	196329	198810	405351	199510	
547	198057	195805	402804	203334	
548	201801	197542	394615	206042	
549	204575	201241	393347	200837	
550	199279	204071	398783	197867	
551	196342	198827	405312	199519	
552	198054	195861	402898	203187	
553	201673	197531	394688	206108	
554	204566	201136	393392	200906	
555	199311	204119	398667	197903	
556	196247	198870	405255	199628	
557	198050	195833	402989	203128	
558	201713	197567	394703	206017	
559	204572	201206	393400	200822	
560	199138	204148	398773	197941	
561	196400	198700	405354	199546	
562	197949	195934	402848	203269	
563	201734	197475	394634	206157	
564	204643	201243	393409	200705	
565	199096	204166	398718	198020	
566	196456	198606	405409	199529	
567	198046	195933	402772	203249	
568	201771	197503	394539	206187	
569	204617	201290	393436	200657	
570	199073	204133	398793	198001	
571	196460	198613	405423	199504	
572	197955	195976	402746	203323	
573	201820	197464	394589	206127	
574	204535	201346	393440	200679	
575	199090	204099	398810	198001	
576	196456	198677	405445	199422	
577	197906	195979	402776	203339	
578	201745	197416	394656	206183	
579	204524	201301	393395	200780	
580	199287	204096	398717	197900	
581	196307	198843	405397	199453	
582	197893	195837	402939	203331	
583	201695	197480	394680	206145	
584	204515	201243	393317	200925	
585	199383	204033	398723	197861	
586	196350	198940	405276	199434	
587	197909	195909	402973	203209	
588	201602	197437	394849	206112	
589	204497	201143	393346	201014	
590	199475	204036	398580	197909	
591	196384	199058	405179	199379	
592	197838	195974	403094	203094	
593	201492	197368	395032	206108	
594	204529	201052	393342	201077	
595	199554	204093	398420	197933	
596	196390	199091	405145	199374	
597	197698	195957	403184	203161	
598	201547	197265	395048	206140	
599	204535	201044	393222	201199	
600	199561	204087	398309	198043	
601	196589	199076	405131	199204	
602	197681	196107	403163	203049	
603	201461	197242	395183	206114	
604	204540	200963	393349	201148	
605	199537	204109	398205	198149	
606	196587	199108	405072	199233	
607	197776	196122	403217	202885	
608	201394	197330	395230	206046	
609	204270	200998	393452	201280	
610	199745	203856	398328	198071	
611	196523	199358	404854	199265	
612	197636	196134	403214	203016	
613	201391	197220	395492	205897	
614	204202	200981	393354	201463	
615	199979	203739	398201	198081	
616	196509	199564	404720	199207	
617	197547	196092	403303	203058	
618	201375	197128	395656	205841	
619	204282	200929	393220	201569	
620	199996	203861	398057	198086	
621	196458	199584	404790	199168	
622	197585	196044	403445	202926	
623	201286	197125	395628	205961	
624	204320	200853	393169	201658	
625	200103	203880	397978	198039	
626	196391	199697	404733	199179	
627	197550	196020	403577	202853	
628	201212	197128	395717	205943	
629	204294	200800	393148	201758	
630	200147	203893	397928	198032	
631	196489	199736	404693	199082	
632	197490	196057	403629	202824	
633	201206	197064	395793	205937	
634	204313	200725	393121	201841	
635	200356	203833	397789	198022	
636	196540	199885	404558	199017	
637	197474	196110	403718	202698	
638	201161	197086	395995	205758	
639	204006	200744	393196	202054	
640	200490	203622	397830	198058	
641	196468	200108	404366	199058	
642	197461	196094	403730	202715	
643	201076	197040	396202	205682	
644	204076	200644	393134	202146	
645	200613	203651	397684	198052	
646	196460	200244	404295	199001	
647	197397	196064	403895	202644	
648	200934	196992	396308	205766	
649	204123	200536	393056	202285	
650	200650	203744	397528	198078	
651	196487	200302	404280	198931	
652	197352	196096	404046	202506	
653	200915	196946	396398	205741	
654	203943	200521	393042	202494	
655	200933	203551	397467	198049	
656	196489	200502	404072	198937	
657	197282	196079	404053	202586	
658	200877	196875	396581	205667	
659	203964	200488	392954	202594	
660	201003	203550	397363	198084	
661	196427	200632	404038	198903	
662	197274	196055	404182	202489	
663	200889	196881	396687	205543	
664	203968	200466	392936	202630	
665	201010	203573	397347	198070	
666	196499	200580	404039	198882	
667	197348	196045	404153	202454	
668	200836	196914	396625	205625	
669	203974	200408	392959	202659	
670	200968	203590	397322	198120	
671	196611	200590	403998	198801	
672	197162	196215	404180	202443	
673	200899	196744	396805	205552	
674	203872	200489	392959	202680	
675	201027	203503	397233	198237	
676	196599	200666	403992	198743	
677	197100	196214	404169	202517	
678	200884	196722	396880	205514	
679	203835	200480	392936	202749	
680	201035	203437	397202	198326	
681	196771	200625	403917	198687	
682	197109	196339	404062	202490	
683	200804	196748	396964	205484	
684	203894	200419	393087	202600	
685	200985	203509	397167	198339	
686	196725	200605	403928	198742	
687	197186	196338	404114	202362	
688	200725	196800	396943	205532	
689	203874	200344	393138	202644	
690	200979	203480	397144	198397	
691	196964	200574	403824	198638	
692	197134	196526	404054	202286	
693	200681	196745	397100	205474	
694	203831	200297	393271	202601	
695	200999	203444	397042	198515	
696	196926	200580	403741	198753	
697	197080	196520	404024	202376	
698	200763	196708	397100	205429	
699	203817	200368	393228	202587	
700	200848	203444	397076	198632	
701	196891	200542	403812	198755	
702	197058	196550	403986	202406	
703	200737	196682	397092	205489	
704	203791	200382	393232	202595	
705	200956	203424	397064	198556	
706	196916	200620	403806	198658	
707	196918	196618	404044	202420	
708	200775	196578	397238	205409	
709	203709	200410	393196	202685	
710	200976	203394	396988	198642	
711	196985	200587	403804	198624	
712	197029	196607	403981	202383	
713	200785	196637	397194	205384	
714	203603	200431	393244	202722	
715	201028	203260	397068	198644	
716	197059	200674	403691	198576	
717	196997	196678	403934	202391	
718	200807	196623	397352	205218	
719	203579	200462	393301	202658	
720	200933	203242	397085	198740	
721	197106	200591	403704	198599	
722	196996	196717	403833	202454	
723	200746	196648	397308	205298	
724	203683	200385	393365	202567	
725	200855	203347	397033	198765	
726	197092	200542	403732	198634	
727	197017	196731	403889	202363	
728	200662	196683	397273	205382	
729	203710	200338	393414	202538	
730	200898	203340	397021	198741	
731	197073	200591	403678	198658	
732	197061	196748	403931	202260	
733	200512	196723	397339	205426	
734	203728	200164	393471	202637	
735	200990	203357	396887	198766	
736	197147	200665	403521	198667	
737	197049	196824	404022	202105	
738	200485	196684	397489	205342	
739	203677	200125	393508	202690	
740	200852	203368	396809	198971	
741	197337	200556	403493	198614	
742	196994	196981	403924	202101	
743	200382	196656	397537	205425	
744	203628	200033	393637	202702	
745	201080	203241	396689	198990	
746	197379	200732	403274	198615	
747	196906	197078	403973	202043	
748	200394	196532	397810	205264	
749	203595	199987	393610	202808	
750	201144	203229	396519	199108	
751	197351	200841	403216	198592	
752	196967	197001	404070	201962	
753	200310	196629	397842	205219	
754	203543	199958	393630	202869	
755	201161	203236	396587	199016	
756	197291	200878	403194	198637	
757	197021	196937	404114	201928	
758	200221	196688	397815	205276	
759	203564	199875	393625	202936	
760	201210	203205	396563	199022	
761	197298	200927	403080	198695	
762	196980	196978	404132	201910	
763	200220	196636	397905	205239	
764	203540	199839	393614	203007	
765	201302	203160	396475	199063	
766	197349	200959	402999	198693	
767	197016	197017	404119	201848	
768	200119	196705	397976	205200	
769	203436	199793	393722	203049	
770	201320	203092	396498	199090	
771	197374	201006	402885	198735	
772	197115	197059	404098	201728	
773	200076	196802	398065	205057	
774	203305	199752	393861	203082	
775	201298	202968	396554	199180	
776	197474	200990	402720	198816	
777	197140	197146	403958	201756	
778	200067	196792	398136	205005	
779	203329	199706	393938	203027	
780	201300	202998	396498	199204	
781	197482	200984	402704	198830	
782	197213	197155	403982	201650	
783	199906	196927	398139	205028	
784	203344	199622	394082	202952	
785	201270	203034	396549	199147	
786	197481	200982	402656	198881	
787	197147	197154	404016	201683	
788	199989	196814	398136	205061	
789	203322	199693	393968	203017	
790	201266	203019	396507	199208	
791	197521	200996	402712	198771	
792	197107	197233	404015	201645	
793	199938	196803	398229	205030	
794	203265	199588	394036	203111	
795	201479	202955	396391	199175	
796	197575	201166	402543	198716	
797	196992	197281	404121	201606	
798	199935	196666	398447	204952	
799	203214	199620	393947	203219	
800	201468	202940	396286	199306	
801	197641	201177	402560	198622	
802	196879	197377	404117	201627	
803	199886	196578	398554	204982	
804	203171	199525	393955	203349	
805	201679	202796	396103	199422	
806	197708	201379	402321	198592	
807	196936	197393	404175	201496	
808	199763	196631	398772	204834	
809	203104	199442	394024	203430	
810	201663	202794	396073	199470	
811	197732	201364	402236	198668	
812	196993	197414	404158	201435	
813	199780	196670	398778	204772	
814	202993	199454	394084	203469	
815	201703	202665	396124	199508	
816	197874	201349	402119	198658	
817	196969	197566	404014	201451	
818	199744	196702	398915	204639	
819	202893	199438	394268	203401	
820	201663	202586	396140	199611	
821	197873	201393	402024	198710	
822	196943	197607	403979	201471	
823	199841	196612	399000	204547	
824	202889	199534	394219	203358	
825	201684	202623	396146	199547	
826	197814	201411	402157	198618	
827	196874	197547	404034	201545	
828	199829	196591	398958	204622	
829	202875	199494	394138	203493	
830	201765	202599	396085	199551	
831	197882	201477	402093	198548	
832	196768	197615	404076	201541	
833	199806	196496	399092	204606	
834	202904	199450	394111	203535	
835	201895	202582	395946	199577	
836	197805	201590	402032	198573	
837	196817	197520	404172	201491	
838	199793	196497	399110	204600	
839	202871	199474	394017	203638	
840	202000	202555	395971	199474	
841	197840	201676	402029	198455	
842	196721	197547	404231	201501	
843	199823	196429	399223	204525	
844	202766	199531	393976	203727	
845	202006	202465	395960	199569	
846	197896	201687	401996	198421	
847	196740	197580	404152	201528	
848	199789	196444	399267	204500	
849	202677	199480	394024	203819	
850	202137	202359	395924	199580	
851	197902	201824	401839	198435	
852	196793	197594	404183	201430	
853	199797	196491	399418	204294	
854	202579	199481	394085	203855	
855	202156	202272	395972	199600	
856	197977	201856	401753	198414	
857	196741	197686	404128	201445	
858	199701	196434	399542	204323	
859	202533	199403	394120	203944	
860	202205	202241	395837	199717	
861	198019	201917	401644	198420	
862	196697	197766	404158	201379	
863	199713	196404	399683	204200	
864	202549	199381	394170	203900	
865	202132	202251	395785	199832	
866	197955	201870	401632	198543	
867	196857	197685	404121	201337	
868	199680	196584	399555	204181	
869	202487	199355	394269	203889	
870	202191	202165	395939	199705	
871	198011	201914	401520	198555	
872	196820	197738	404079	201363	
873	199656	196560	399652	204132	
874	202407	199357	394298	203938	
875	202188	202124	395917	199771	
876	198135	201892	401481	198492	
877	196689	197871	404016	201424	
878	199555	196451	399763	204231	
879	202443	199270	394322	203965	
880	202193	202162	395721	199924	
881	198229	201921	401432	198418	
882	196724	197968	404083	201225	
883	199462	196454	399889	204195	
884	202462	199134	394422	203982	
885	202202	202147	395588	200063	
886	198366	201939	401281	198414	
887	196716	198097	404086	201101	
888	199435	196424	400036	204105	
889	202391	199138	394521	203950	
890	202230	202101	395562	200107	
891	198415	201921	401239	198425	
892	196658	198147	404022	201173	
893	199364	196377	400068	204191	
894	202402	199049	394524	204025	
895	202275	202073	395426	200226	
896	198497	201975	401122	198406	
897	196705	198175	404048	201072	
898	199342	196419	400150	204089	
899	202432	199048	394594	203926	
900	202156	202135	395467	200242	
901	198488	201882	401183	198447	
902	196706	198202	404017	201075	
903	199342	196405	400084	204169	
904	202354	199052	394607	203987	
905	202327	202063	395457	200153	
906	198479	202039	401115	198367	
907	196600	198211	404102	201087	
908	199331	196339	400250	204080	
909	202360	199026	394550	204064	
910	202271	202038	395365	200326	
911	198614	202012	401064	198310	
912	196650	198352	404050	200948	
913	199228	196368	400364	204040	
914	202267	198942	394720	204071	
915	202396	201944	395310	200350	
916	198651	202093	400886	198370	
917	196614	198332	404037	201017	
918	199272	196377	400425	203926	
919	202161	199004	394709	204126	
920	202443	201877	395381	200299	
921	198583	202188	400881	198348	
922	196672	198312	404065	200951	
923	199231	196384	400500	203885	
924	202147	198962	394696	204195	
925	202509	201854	395346	200291	
926	198503	202250	400816	198431	
927	196814	198219	404104	200863	
928	199090	196510	400469	203931	
929	202183	198810	394729	204278	
930	202482	201886	395320	200312	
931	198628	202202	400696	198474	
932	196721	198351	404088	200840	
933	199196	196428	400553	203823	
934	202130	198899	394779	204192	
935	202450	201865	395327	200358	
936	198662	202145	400764	198429	
937	196645	198428	404010	200917	
938	199156	196391	400573	203880	
939	202040	198835	394819	204306	
940	202589	201749	395226	200436	
941	198799	202272	400584	198345	
942	196612	198528	404021	200839	
943	199118	196292	400800	203790	
944	202078	198802	394820	204300	
945	202509	201769	395094	200628	
946	198902	202244	400571	198283	
947	196527	198624	404013	200836	
948	199089	196264	400868	203779	
949	202018	198809	394888	204285	
950	202538	201743	395073	200646	
951	198931	202261	400552	198256	
952	196588	198636	404004	200772	
953	198951	196330	400897	203822	
954	202012	198669	394966	204353	
955	202555	201707	394999	200739	
956	199024	202286	400376	198314	
957	196548	198776	403993	200683	
958	198956	196301	401062	203681	
959	201961	198674	395077	204288	
960	202456	201675	394975	200894	
961	199189	202195	400349	198267	
962	196443	198917	403870	200770	
963	199097	196165	401112	203626	
964	201830	198826	395082	204262	
965	202471	201573	394991	200965	
966	199136	202242	400399	198223	
967	196385	198917	403815	200883	
968	199137	196104	401159	203600	
969	201805	198861	395021	204313	
970	202509	201520	394965	201006	
971	199261	202244	400381	198114	
972	196392	198993	403764	200851	
973	199087	196149	401237	203527	
974	201786	198784	395142	204288	
975	202451	201519	394933	201097	
976	199280	202186	400303	198231	
977	196543	199021	403705	200731	
978	199007	196262	401207	203524	
979	201782	198715	395283	204220	
980	202480	201492	394977	201051	
981	199295	202228	400207	198270	
982	196548	199001	403720	200731	
983	198924	196273	401229	203574	
984	201846	198634	395274	204246	
985	202551	201500	394907	201042	
986	199322	202288	400134	198256	
987	196555	199083	403788	200574	
988	198777	196306	401371	203546	
989	201909	198480	395389	204222	
990	202505	201597	394786	201112	
991	199333	202224	400077	198366	
992	196629	199043	403821	200507	
993	198871	196283	401267	203579	
994	201842	198563	395326	204269	
995	202490	201566	394846	201098	
996	199379	202245	400129	198247	
997	196536	199125	403811	200528	
998	198855	196293	401370	203482	
999	201727	198585	395418	204270	
1000	202518	201466	394878	201138	
1001	199389	202260	400051	198300	
1002	196570	199158	403726	200546	
1003	198800	196305	401418	203477	
1004	201774	198508	395463	204255	
1005	202412	201496	394813	201279	
1006	199501	202164	400004	198331	
1007	196489	199257	403660	200594	
1008	198751	196268	401421	203560	
1009	201849	198474	395525	204152	
1010	202357	201548	394742	201353	
1011	199638	202105	400022	198235	
1012	196524	199361	403653	200462	
1013	198726	196252	401466	203556	
1014	201832	198405	395613	204150	
1015	202396	201554	394657	201393	
1016	199675	202125	399959	198241	
1017	196559	199409	403679	200353	
1018	198617	196283	401534	203566	
1019	201832	198357	395692	204119	
1020	202368	201521	394640	201471	
1021	199706	202099	399878	198317	
1022	196510	199474	403620	200396	
1023	198590	196263	401573	203574	
1024	201824	198322	395737	204117	
1025	202346	201542	394585	201527	
1026	199692	202109	399864	198335	
1027	196546	199453	403651	200350	
1028	198588	196258	401562	203592	
1029	201904	198301	395711	204084	
1030	202364	201624	394559	201453	
1031	199704	202122	399925	198249	
1032	196609	199448	403746	200197	
1033	198418	196340	401570	203672	
1034	201887	198188	395788	204137	
1035	202288	201634	394528	201550	
1036	199769	202019	399822	198390	
1037	196683	199509	403653	200155	
1038	198423	196426	401528	203623	
1039	201837	198140	395935	204088	
1040	202389	201538	394566	201507	
1041	199794	202154	399678	198374	
1042	196638	199561	403692	200109	
1043	198422	196388	401715	203475	
1044	201681	198143	395949	204227	
1045	202531	201415	394531	201523	
1046	199741	202312	399558	198389	
1047	196577	199547	403727	200149	
1048	198475	196336	401859	203330	
1049	201626	198204	395883	204287	