%pHIV = [5, 10000]; pINF = [1, 100000]; I1Iterations = 1; I2Iterations = 2; boundaryCodition = periodic
%IterationHealthyInfected_1Infected_2Dead

0	999511	489	0	0	
1	990749	8762	489	0	
2	955595	35154	9251	0	
3	879490	76105	43916	489	
4	757570	122403	111259	8768	
5	607520	158729	198508	35243	
6	471076	171296	281132	76496	
7	391773	155021	330025	123181	
8	393110	120588	326317	159985	
9	471779	79772	275609	172840	
10	599228	43685	200360	156727	
11	733486	20906	123457	122151	
12	844852	9543	64591	81014	
13	919281	5788	30449	44482	
14	957514	5790	15331	21365	
15	971277	7387	11578	9758	
16	971250	9700	13177	5873	
17	964664	12394	17087	5855	
18	955036	15416	22094	7454	
19	944011	18398	27810	9781	
20	931958	21733	33814	12495	
21	919105	25219	40131	15545	
22	905794	28698	46952	18556	
23	892115	32062	53917	21906	
24	878180	35672	60760	25388	
25	863891	39436	67734	28939	
26	849901	42632	75108	32359	
27	836355	45577	82068	36000	
28	823879	48124	88209	39788	
29	812830	50429	93701	43040	
30	803264	52147	98553	46036	
31	796009	52832	102576	48583	
32	789765	54367	104979	50889	
33	785415	54711	107199	52675	
34	784234	53343	109078	53345	
35	785735	51306	108054	54905	
36	791312	48788	104649	55251	
37	799455	46618	100094	53833	
38	808290	44472	95406	51832	
39	817141	42468	91090	49301	
40	824528	41423	86940	47109	
41	830362	40801	83891	44946	
42	834349	40502	82224	42925	
43	836379	40481	81303	41837	
44	836449	41320	80983	41248	
45	835307	41978	81801	40914	
46	832423	43405	83298	40874	
47	827439	45457	85383	41721	
48	821184	47560	88862	42394	
49	813922	49227	93017	43834	
50	806616	50723	96787	45874	
51	799699	52377	99950	47974	
52	793276	53910	103100	49714	
53	786969	55546	106287	51198	
54	783269	54383	109456	52892	
55	784790	50847	109929	54434	
56	788517	50169	105230	56084	
57	795995	48026	101016	54963	
58	804942	45458	98195	51405	
59	812720	43107	93484	50689	
60	822087	40846	88565	48502	
61	830739	39364	83953	45944	
62	838293	37904	80210	43593	
63	843615	37822	77268	41295	
64	846327	38169	75726	39778	
65	846712	38980	75991	38317	
66	844970	39685	77149	38196	
67	842343	40446	78665	38546	
68	838368	42157	80131	39344	
69	833337	43969	82603	40091	
70	827670	45357	86126	40847	
71	821608	46464	89326	42602	
72	815957	47835	91821	44387	
73	811005	48879	94299	45817	
74	805704	50655	96714	46927	
75	800648	51497	99534	48321	
76	795739	52748	102152	49361	
77	791532	53077	104245	51146	
78	789481	52723	105825	51971	
79	789448	51528	105800	53224	
80	794858	47291	104251	53600	
81	804294	43636	98819	53251	
82	817853	39164	90927	52056	
83	832852	36523	82800	47825	
84	847467	32730	75687	44116	
85	860739	30401	69253	39607	
86	870847	29082	63131	36940	
87	879291	28093	59483	33133	
88	883469	28619	57175	30737	
89	884296	29598	56712	29394	
90	881996	31386	58217	28401	
91	876410	33698	60984	28908	
92	868425	36617	65084	29874	
93	858623	39392	70315	31670	
94	847623	42357	76009	34011	
95	837754	43525	81749	36972	
96	829723	44639	85882	39756	
97	821285	47818	88164	42733	
98	812609	50961	92457	43973	
99	802744	53396	98779	45081	
100	793574	53805	104357	48264	
101	786791	54567	107201	51441	
102	782477	55294	108372	53857	
103	779527	56216	109861	54396	
104	776831	56558	111510	55101	
105	775059	56311	112774	55856	
106	776269	54129	112869	56733	
107	779847	52585	110440	57128	
108	785233	51165	106714	56888	
109	791621	49939	103750	54690	
110	795801	49982	101104	53113	
111	796992	51363	99921	51724	
112	795702	52462	101345	50491	
113	793149	52527	103825	50499	
114	789878	53296	104989	51837	
115	787346	53814	105823	53017	
116	785466	54369	107110	53055	
117	782375	55604	108183	53838	
118	778527	57120	109973	54380	
119	774558	57811	112724	54907	
120	770662	58251	114931	56156	
121	767755	58522	116062	57661	
122	766850	57994	116773	58383	
123	767318	57350	116516	58816	
124	769840	55732	115344	59084	
125	775178	53109	113082	58631	
126	783241	49991	108841	57927	
127	793106	47470	103100	56324	
128	803247	45579	97461	53713	
129	811116	45322	93049	50513	
130	815949	45203	90901	47947	
131	819448	43969	90525	46058	
132	820845	44173	89172	45810	
133	821058	45138	88142	45662	
134	819453	46793	89311	44443	
135	814701	48728	91931	44640	
136	808346	50559	95521	45574	
137	800356	53105	99287	47252	
138	791611	55551	103664	49174	
139	782533	57787	108656	51024	
140	773782	59263	113338	53617	
141	766733	60105	117050	56112	
142	761692	60627	119368	58313	
143	757704	61696	120732	59868	
144	754577	62413	122323	60687	
145	752119	62496	124109	61276	
146	751196	61613	124909	62282	
147	752302	60549	124109	63040	
148	756352	58338	122162	63148	
149	763180	55698	118887	62235	
150	771521	53241	114036	61202	
151	780534	51583	108939	58944	
152	787137	51773	104824	56266	
153	790965	51868	103356	53811	
154	793982	50219	103641	52158	
155	794449	51133	102087	52331	
156	793957	52267	101352	52424	
157	791819	54056	103400	50725	
158	785973	56076	106323	51628	
159	780405	56715	110132	52748	
160	775390	57231	112791	54588	
161	773739	55685	113946	56630	
162	777218	52588	112916	57278	
163	782629	51282	108273	57816	
164	790053	49788	103870	56289	
165	797270	48487	101070	53173	
166	802473	47450	98275	51802	
167	807585	46179	95937	50299	
168	811745	45671	93629	48955	
169	816487	43710	91850	47953	
170	822210	41783	89381	46626	
171	827736	40632	85493	46139	
172	832697	40708	82415	44180	
173	835022	41414	81340	42224	
174	834529	42310	82122	41039	
175	832586	42619	83724	41071	
176	829630	43615	84929	41826	
177	826811	44220	86234	42735	
178	824578	44548	87835	43039	
179	822255	44936	88768	44041	
180	820976	44898	89484	44642	
181	820622	44562	89834	44982	
182	820787	44362	89460	45391	
183	821647	44076	88924	45353	
184	822778	43808	88438	44976	
185	823534	43765	87884	44817	
186	823519	44347	87573	44561	
187	822915	44713	88112	44260	
188	824600	42164	89060	44176	
189	827745	40612	86877	44766	
190	830287	41727	82776	45210	
191	831904	43155	82339	42602	
192	829976	44113	84882	41029	
193	824585	46014	87268	42133	
194	818003	48294	90127	43576	
195	810741	50439	94308	44512	
196	801920	52885	98733	46462	
197	792729	55166	103324	48781	
198	783921	57069	108051	50959	
199	775614	58740	112235	53411	
200	768852	59612	115809	55727	
201	763857	60178	118352	57613	
202	760423	60469	119790	59318	
203	758832	60310	120647	60211	
204	758341	60099	120779	60781	
205	758834	59686	120409	61071	
206	759787	59500	119785	60928	
207	762531	57600	119186	60683	
208	766161	56451	117100	60288	
209	770555	55337	114051	60057	
210	775661	54333	111788	58218	
211	779990	53262	109670	57078	
212	784302	52177	107595	55926	
213	788679	51002	105439	54880	
214	792718	50296	103179	53807	
215	795229	50750	101298	52723	
216	795580	51849	101046	51525	
217	793312	53265	102599	50824	
218	789099	54509	105114	51278	
219	785325	54528	107774	52373	
220	781385	55793	109037	53785	
221	777600	56981	110321	55098	
222	774275	57905	112774	55046	
223	771206	57598	114886	56310	
224	770421	56533	115503	57543	
225	771915	55505	114131	58449	
226	775131	54618	112038	58213	
227	780875	51909	110123	57093	
228	786978	50420	106527	56075	
229	792101	50403	102329	55167	
230	795885	50878	100823	52414	
231	796184	51621	101281	50914	
232	793741	52801	102499	50959	
233	789843	54364	104422	51371	
234	785225	55459	107165	52151	
235	780278	56531	109823	53368	
236	774860	58266	111990	54884	
237	769780	59388	114797	56035	
238	764312	60994	117654	57040	
239	757822	62923	120382	58873	
240	751130	64973	123917	59980	
241	743464	67040	127896	61600	
242	735453	69044	132013	63490	
243	727083	71231	136084	65602	
244	719285	72712	140275	67728	
245	713481	72875	143943	69701	
246	709298	73194	145587	71921	
247	705682	74817	146069	73432	
248	702672	75696	148011	73621	
249	698599	76912	150513	73976	
250	691470	80351	152608	75571	
251	681149	85153	157263	76435	
252	666686	90155	165504	77655	
253	648895	94654	175308	81143	
254	629262	99935	184809	85994	
255	609146	105258	194589	91007	
256	589879	109401	205193	95527	
257	571841	112600	214659	100900	
258	557219	114493	222001	106287	
259	545619	116885	227093	110403	
260	535927	119006	231378	113689	
261	526486	121995	235891	115628	
262	516251	124755	241001	117993	
263	506378	126666	246750	120206	
264	496563	128878	251421	123138	
265	486292	132165	255544	125999	
266	474013	137009	261043	127935	
267	457398	143234	269174	130194	
268	437251	149084	280243	133422	
269	413182	156141	292318	138359	
270	385800	164295	305225	144680	
271	361078	167891	320436	150595	
272	337942	172225	332186	157647	
273	320549	173459	340116	165876	
274	314751	170034	345684	169531	
275	305736	176829	343493	173942	
276	293552	184337	346863	175248	
277	274728	192357	361166	171749	
278	254302	190468	376694	178536	
279	254048	176950	382825	186177	
280	255569	182795	367418	194218	
281	258264	189609	359745	192382	
282	251449	197177	372404	178970	
283	233717	194923	386786	184574	
284	235145	181356	392100	191399	
285	237746	186956	376279	199019	
286	240816	193971	368312	196901	
287	233940	201839	380927	183294	
288	215052	200383	395810	188755	
289	214834	187064	402222	195880	
290	216550	192204	387447	203799	
291	219578	198704	379268	202450	
292	214163	205809	390908	189120	
293	197617	203797	404513	194073	
294	199618	190038	409606	200738	
295	204119	194241	393835	207805	
296	209387	200432	384279	205902	
297	206132	206959	394673	192236	
298	191801	204622	407391	196186	
299	195155	190875	411581	202389	
300	200907	194584	395497	209012	
301	207342	200481	385459	206718	
302	204952	206950	395065	193033	
303	191518	204595	407431	196456	
304	194849	191170	411545	202436	
305	200884	194467	395765	208884	
306	207192	200451	385637	206720	
307	205116	206717	394918	193249	
308	191733	204623	407168	196476	
309	195033	191244	411340	202383	
310	200851	194516	395867	208766	
311	207160	200292	385760	206788	
312	205291	206573	394808	193328	
313	192006	204698	406865	196431	
314	195130	191418	411271	202181	
315	200767	194539	396116	208578	
316	207101	200137	385957	206805	
317	205404	206439	394676	193481	
318	192122	204775	406576	196527	
319	195220	191490	411214	202076	
320	200627	194579	396265	208529	
321	207142	199969	386069	206820	
322	205442	206450	394548	193560	
323	192326	204776	406419	196479	
324	195131	191723	411226	201920	
325	200536	194577	396499	208388	
326	206907	199950	386300	206843	
327	205380	206319	394527	193774	
328	192358	204787	406269	196586	
329	195162	191781	411106	201951	
330	200428	194581	396568	208423	
331	206959	199807	386362	206872	
332	205513	206271	394388	193828	
333	192589	204800	406078	196533	
334	195320	191914	411071	201695	
335	200312	194637	396714	208337	
336	206953	199602	386551	206894	
337	205619	206213	394239	193929	
338	192687	204882	405815	196616	
339	195370	191982	411095	201553	
340	200272	194660	396864	208204	
341	206806	199556	386642	206996	
342	205601	206058	394216	194125	
343	192915	204863	405614	196608	
344	195234	192307	410921	201538	
345	200170	194668	397170	207992	
346	206492	199644	386975	206889	
347	205353	205961	394312	194374	
348	192881	204814	405605	196700	
349	195268	192366	410775	201591	
350	200084	194758	397180	207978	
351	206435	199569	387124	206872	
352	205285	205892	394327	194496	
353	193173	204731	405461	196635	
354	195188	192624	410623	201565	
355	200032	194646	397355	207967	
356	206410	199471	387270	206849	
357	205376	205800	394117	194707	
358	193371	204794	405271	196564	
359	195158	192811	410594	201437	
360	200000	194631	397605	207764	
361	206210	199459	387442	206889	
362	205409	205636	394090	194865	
363	193439	204880	405095	196586	
364	195054	192954	410516	201476	
365	200004	194556	397834	207606	
366	206021	199484	387510	206985	
367	205499	205451	394040	195010	
368	193628	204927	404935	196510	
369	195038	193049	410378	201535	
370	200166	194455	397976	207403	
371	206014	199565	387504	206917	
372	205508	205394	394020	195078	
373	193760	204862	404959	196419	
374	195047	193142	410256	201555	
375	200199	194441	398004	207356	
376	205809	199586	387583	207022	
377	205635	205151	394027	195187	
378	193917	204972	404737	196374	
379	195131	193270	410123	201476	
380	200105	194456	398242	207197	
381	205826	199377	387726	207071	
382	205767	205077	393833	195323	
383	194106	205056	404454	196384	
384	195061	193430	410133	201376	
385	200123	194377	398486	207014	
386	205615	199447	387807	207131	
387	205808	204892	393824	195476	
388	194304	205020	404339	196337	
389	195089	193535	409912	201464	
390	200234	194308	398555	206903	
391	205667	199448	387843	207042	
392	205753	204868	393756	195623	
393	194430	204973	404316	196281	
394	195168	193667	409841	201324	
395	200027	194406	398640	206927	
396	205629	199272	388073	207026	
397	205637	204863	393678	195822	
398	194641	204881	404135	196343	
399	195149	193890	409744	201217	
400	199935	194455	398771	206839	
401	205521	199177	388345	206957	
402	205630	204752	393632	195986	
403	194898	204840	403929	196333	
404	195156	194124	409592	201128	
405	199905	194377	398964	206754	
406	205509	199110	388501	206880	
407	205666	204678	393487	196169	
408	195042	204815	403788	196355	
409	195161	194235	409493	201111	
410	199892	194394	399050	206664	
411	205360	199151	388629	206860	
412	205592	204594	393545	196269	
413	195131	204818	403745	196306	
414	195033	194404	409412	201151	
415	199841	194320	399222	206617	
416	205289	199119	388724	206868	
417	205658	204500	393439	196403	
418	195282	204851	403619	196248	
419	194974	194520	409351	201155	
420	199843	194266	399371	206520	
421	205222	199118	388786	206874	
422	205610	204444	393384	196562	
423	195328	204846	403562	196264	
424	195041	194561	409290	201108	
425	199904	194249	399407	206440	
426	205113	199078	388810	206999	
427	205806	204276	393327	196591	
428	195512	204955	403354	196179	
429	195043	194655	409231	201071	
430	199854	194251	399610	206285	
431	204993	199070	388906	207031	
432	205770	204169	393321	196740	
433	195604	204969	403239	196188	
434	194972	194842	409138	201048	
435	199835	194170	399811	206184	
436	204958	199025	389012	207005	
437	205787	204170	393195	196848	
438	195659	205021	403195	196125	
439	194931	194962	409191	200916	
440	199576	194205	399983	206236	
441	204871	198922	389167	207040	
442	205681	204187	393127	197005	
443	195656	205044	403109	196191	
444	194888	194999	409231	200882	
445	199467	194258	400043	206232	
446	204748	198848	389257	207147	
447	205744	204123	393106	197027	
448	195650	205110	402971	196269	
449	194864	195060	409233	200843	
450	199412	194279	400170	206139	
451	204639	198796	389339	207226	
452	205843	204013	393075	197069	
453	195802	205205	402809	196184	
454	194900	195185	409218	200697	
455	199246	194276	400390	206088	
456	204670	198650	389461	207219	
457	205788	204056	392926	197230	
458	195897	205165	402706	196232	
459	194920	195273	409221	200586	
460	199194	194306	400438	206062	
461	204685	198533	389579	207203	
462	205878	203988	392839	197295	
463	196081	205127	402521	196271	
464	194995	195384	409115	200506	
465	199236	194309	400511	205944	
466	204577	198525	389693	207205	
467	205764	203882	392834	197520	
468	196170	205089	402407	196334	
469	195053	195506	408971	200470	
470	199098	194390	400595	205917	
471	204474	198458	389896	207172	
472	205831	203766	392848	197555	
473	196317	205133	402224	196326	
474	195066	195642	408899	200393	
475	199011	194428	400775	205786	
476	204335	198365	390070	207230	
477	205777	203652	392793	197778	
478	196583	205076	402017	196324	
479	194992	195874	408728	200406	
480	199250	194268	400950	205532	
481	204203	198508	390142	207147	
482	205811	203484	392776	197929	
483	196737	205043	401992	196228	
484	194903	196049	408527	200521	
485	199175	194195	401092	205538	
486	204165	198465	390244	207126	
487	205774	203453	392660	198113	
488	196847	205106	401918	196129	
489	194867	196197	408559	200377	
490	199044	194254	401303	205399	
491	203946	198461	390451	207142	
492	205694	203338	392715	198253	
493	196805	205112	401799	196284	
494	194857	196249	408450	200444	
495	198978	194316	401361	205345	
496	203877	198425	390565	207133	
497	205680	203291	392741	198288	
498	196884	205026	401716	196374	
499	195099	196223	408317	200361	
500	199095	194404	401249	205252	
501	203854	198393	390627	207126	
502	205721	203155	392797	198327	
503	197112	204981	401548	196359	
504	195104	196414	408136	200346	
505	199114	194425	401395	205066	
506	203623	198467	390839	207071	
507	205670	202942	392892	198496	
508	197269	204980	401409	196342	
509	195040	196566	407922	200472	
510	199134	194323	401546	204997	
511	203748	198356	390889	207007	
512	205730	202991	392679	198600	
513	197403	204936	401347	196314	
514	195115	196662	407927	200296	
515	198970	194356	401598	205076	
516	203813	198228	391018	206941	
517	205629	203029	392584	198758	
518	197514	204882	401257	196347	
519	195063	196783	407911	200243	
520	198996	194326	401665	205013	
521	203749	198219	391109	206923	
522	205548	203043	392545	198864	
523	197529	204839	401262	196370	
524	195133	196829	407882	200156	
525	198936	194428	401668	204968	
526	203603	198239	391257	206901	
527	205585	202874	392667	198874	
528	197644	204795	401113	196448	
529	195221	196912	407669	200198	
530	198887	194493	401707	204913	
531	203699	198166	391405	206730	
532	205324	202966	392659	199051	
533	197709	204635	401132	196524	
534	195292	197008	407601	200099	
535	198759	194643	401643	204955	
536	203537	198134	391651	206678	
537	205240	202882	392777	199101	
538	197769	204571	401016	196644	
539	195269	197134	407453	200144	
540	198651	194664	401705	204980	
541	203580	198056	391798	206566	
542	205098	202970	392720	199212	
543	197884	204481	401026	196609	
544	195293	197287	407451	199969	
545	198616	194621	401768	204995	
546	203624	197975	391908	206493	
547	205117	202941	392596	199346	
548	198072	204437	400916	196575	
549	195251	197412	407378	199959	
550	198689	194593	401849	204869	
551	203515	197988	392005	206492	
552	205167	202825	392581	199427	
553	198196	204478	400813	196513	
554	195201	197549	407303	199947	
555	198541	194554	402027	204878	
556	203516	197848	392103	206533	
557	205088	202857	392402	199653	
558	198251	204469	400705	196575	
559	195282	197625	407326	199767	
560	198468	194669	402094	204769	
561	203329	197803	392294	206574	
562	205143	202643	392472	199742	
563	198357	204500	400446	196697	
564	195380	197672	407143	199805	
565	198436	194704	402172	204688	
566	203328	197767	392376	206529	
567	205165	202664	392471	199700	
568	198282	204569	400431	196718	
569	195316	197699	407233	199752	
570	198368	194725	402268	204639	
571	203161	197799	392424	206616	
572	205088	202564	392524	199824	
573	198399	204490	400363	196748	
574	195354	197785	407054	199807	
575	198450	194739	402275	204536	
576	203151	197781	392524	206544	
577	205221	202442	392520	199817	
578	198464	204561	400223	196752	
579	195560	197782	407003	199655	
580	198302	194874	402343	204481	
581	203034	197652	392656	206658	
582	205252	202363	392526	199859	
583	198536	204587	400015	196862	
584	195590	197853	406950	199607	
585	198248	194990	402440	204322	
586	203017	197608	392843	206532	
587	205104	202413	392598	199885	
588	198466	204526	400021	196987	
589	195594	197899	406939	199568	
590	198119	195006	402425	204450	
591	203009	197520	392905	206566	
592	205134	202409	392526	199931	
593	198595	204505	399929	196971	
594	195600	198028	406914	199458	
595	198117	194988	402533	204362	
596	202930	197508	393016	206546	
597	205044	202341	392496	200119	
598	198567	204477	399849	197107	
599	195667	198010	406818	199505	
600	198090	195102	402487	204321	
601	202867	197512	393112	206509	
602	205003	202313	392614	200070	
603	198653	204429	399825	197093	
604	195693	198087	406742	199478	
605	198142	195083	402516	204259	
606	202806	197521	393170	206503	
607	205031	202212	392604	200153	
608	198740	204437	399733	197090	
609	195607	198145	406649	199599	
610	198163	194999	402582	204256	
611	202900	197539	393144	206417	
612	204978	202272	392538	200212	
613	198844	204357	399811	196988	
614	195545	198253	406629	199573	
615	198223	194899	402610	204268	
616	202939	197488	393152	206421	
617	205052	202253	392387	200308	
618	199015	204368	399741	196876	
619	195588	198337	406621	199454	
620	198126	194942	402705	204227	
621	202930	197443	393279	206348	
622	204925	202262	392385	200428	
623	199043	204315	399705	196937	
624	195662	198414	406577	199347	
625	197997	195023	402729	204251	
626	202890	197362	393437	206311	
627	204943	202193	392385	200479	
628	199081	204282	399555	197082	
629	195774	198409	406475	199342	
630	198032	195126	402691	204151	
631	202687	197410	393535	206368	
632	204935	202031	392536	200498	
633	199032	204345	399441	197182	
634	195814	198442	406376	199368	
635	197838	195297	402787	204078	
636	202524	197254	393739	206483	
637	204972	201944	392551	200533	
638	199151	204329	399198	197322	
639	195876	198595	406273	199256	
640	197853	195318	402924	203905	
641	202489	197271	393913	206327	
642	204849	201920	392589	200642	
643	199250	204251	399191	197308	
644	195918	198688	406171	199223	
645	197899	195287	402939	203875	
646	202474	197250	393975	206301	
647	204867	201855	392537	200741	
648	199378	204276	399105	197241	
649	195832	198800	406131	199237	
650	197783	195263	403076	203878	
651	202371	197264	394063	206302	
652	204861	201821	392527	200791	
653	199430	204290	399085	197195	
654	195831	198851	406111	199207	
655	197729	195295	403141	203835	
656	202418	197147	394146	206289	
657	204799	201837	392442	200922	
658	199392	204248	398984	197376	
659	195955	198828	406085	199132	
660	197726	195378	403076	203820	
661	202432	197109	394206	206253	
662	204679	201844	392487	200990	
663	199516	204122	398953	197409	
664	196044	198926	405966	199064	
665	197722	195432	403048	203798	
666	202343	197104	394358	206195	
667	204780	201763	392536	200921	
668	199478	204206	398867	197449	
669	196047	198897	405969	199087	
670	197760	195408	403103	203729	
671	202327	197112	394305	206256	
672	204752	201704	392520	201024	
673	199692	204133	398816	197359	
674	195946	199096	405837	199121	
675	197659	195383	403229	203729	
676	202198	197101	394479	206222	
677	204656	201610	392484	201250	
678	199876	204040	398711	197373	
679	196028	199286	405650	199036	
680	197686	195458	403326	203530	
681	202071	197098	394744	206087	
682	204631	201492	392556	201321	
683	199869	204074	398590	197467	
684	196028	199301	405566	199105	
685	197733	195472	403375	203420	
686	201940	197160	394773	206127	
687	204604	201374	392632	201390	
688	199889	204035	398534	197542	
689	196121	199366	405409	199104	
690	197710	195553	403401	203336	
691	201901	197152	394919	206028	
692	204530	201334	392705	201431	
693	199998	203928	398486	197588	
694	196161	199444	405262	199133	
695	197708	195624	403372	203296	
696	201860	197144	395068	205928	
697	204410	201263	392768	201559	
698	199988	203896	398407	197709	
699	196319	199445	405159	199077	
700	197637	195754	403341	203268	
701	201857	197048	395199	205896	
702	204451	201299	392802	201448	
703	200099	203884	398347	197670	
704	196269	199575	405183	198973	
705	197492	195747	403459	203302	
706	201817	196975	395322	205886	
707	204431	201290	392722	201557	
708	200069	203899	398265	197767	
709	196292	199555	405189	198964	
710	197394	195781	403454	203371	
711	201859	196876	395336	205929	
712	204316	201335	392657	201692	
713	200222	203797	398211	197770	
714	196267	199731	405132	198870	
715	197368	195800	403528	203304	
716	201673	196897	395531	205899	
717	204373	201175	392697	201755	
718	200289	203912	398072	197727	
719	196243	199825	405087	198845	
720	197297	195757	403737	203209	
721	201666	196761	395582	205991	
722	204524	201107	392518	201851	
723	200372	203961	397868	197799	
724	196350	199854	405068	198728	
725	197272	195798	403815	203115	
726	201570	196729	395652	206049	
727	204476	201047	392527	201950	
728	200427	203940	397776	197857	
729	196383	199922	404987	198708	
730	197193	195859	403862	203086	
731	201594	196680	395781	205945	
732	204404	201065	392539	201992	
733	200444	203879	397745	197932	
734	196415	199982	404944	198659	
735	197095	195951	403861	203093	
736	201432	196658	395933	205977	
737	204382	200958	392609	202051	
738	200509	203873	397616	198002	
739	196528	199985	404831	198656	
740	197214	196023	403858	202905	
741	201369	196691	396008	205932	
742	204423	200834	392714	202029	
743	200558	203878	397525	198039	
744	196584	200048	404712	198656	
745	197155	196076	403926	202843	
746	201337	196645	396124	205894	
747	204414	200834	392721	202031	
748	200452	203969	397479	198100	
749	196583	199974	404803	198640	
750	197112	196089	403943	202856	
751	201224	196678	396063	206035	
752	204440	200755	392767	202038	
753	200436	203976	397433	198155	
754	196704	199943	404731	198622	
755	197146	196214	403919	202721	
756	201160	196642	396157	206041	
757	204519	200636	392856	201989	
758	200503	203986	397278	198233	
759	196731	200009	404622	198638	
760	197183	196237	403995	202585	
761	201019	196701	396246	206034	
762	204400	200545	392938	202117	
763	200588	203908	397246	198258	
764	196798	200071	404453	198678	
765	197231	196283	403979	202507	
766	200959	196721	396354	205966	
767	204369	200452	393004	202175	
768	200692	203863	397173	198272	
769	196736	200247	404315	198702	
770	197088	196304	404110	202498	
771	200941	196648	396551	205860	
772	204181	200471	392952	202396	
773	200861	203676	397119	198344	
774	196932	200343	404147	198578	
775	197079	196420	404019	202482	
776	201039	196632	396763	205566	
777	203990	200587	393052	202371	
778	200723	203626	397219	198432	
779	196878	200279	404213	198630	
780	197116	196412	403905	202567	
781	201117	196671	396691	205521	
782	204047	200592	393083	202278	
783	200725	203575	397263	198437	
784	196867	200297	404167	198669	
785	197119	196431	403872	202578	
786	201073	196663	396728	205536	
787	203929	200594	393094	202383	
788	200863	203431	397257	198449	
789	196986	200368	404025	198621	
790	197117	196535	403799	202549	
791	200982	196663	396903	205452	
792	203940	200492	393198	202370	
793	200837	203457	397155	198551	
794	197012	200357	403949	198682	
795	197192	196532	403814	202462	
796	200903	196730	396889	205478	
797	203907	200419	393262	202412	
798	200824	203472	397149	198555	
799	196959	200402	403891	198748	
800	197188	196542	403874	202396	
801	200782	196709	396944	205565	
802	203863	200344	393251	202542	
803	200991	203399	397053	198557	
804	197058	200542	403743	198657	
805	197083	196632	403941	202344	
806	200675	196671	397174	205480	
807	203798	200266	393303	202633	
808	201041	203354	396937	198668	
809	197089	200591	403620	198700	
810	197149	196630	403945	202276	
811	200590	196723	397221	205466	
812	203829	200176	393353	202642	
813	201144	203367	396899	198590	
814	197050	200715	403543	198692	
815	197054	196668	404082	202196	
816	200613	196654	397383	205350	
817	203661	200153	393322	202864	
818	201276	203213	396807	198704	
819	197106	200821	403366	198707	
820	197054	196711	404034	202201	
821	200653	196631	397532	205184	
822	203564	200227	393342	202867	
823	201269	203116	396858	198757	
824	197227	200867	403343	198563	
825	196989	196853	403983	202175	
826	200613	196538	397720	205129	
827	203571	200179	393391	202859	
828	201380	203118	396717	198785	
829	197286	200939	403297	198478	
830	196910	196854	404057	202179	
831	200567	196503	397793	205137	
832	203424	200167	393357	203052	
833	201412	202988	396670	198930	
834	197269	201037	403155	198539	
835	196940	196887	404025	202148	
836	200553	196520	397924	205003	
837	203304	200114	393407	203175	
838	201590	202873	396634	198903	
839	197299	201150	402987	198564	
840	196966	196901	404023	202110	
841	200566	196525	398051	204858	
842	203241	200162	393426	203171	
843	201503	202816	396687	198994	
844	197426	201072	402978	198524	
845	196861	197059	403888	202192	
846	200600	196464	398131	204805	
847	203313	200177	393523	202987	
848	201325	202838	396641	199196	
849	197530	200928	403015	198527	
850	196948	197146	403766	202140	
851	200614	196527	398074	204785	
852	203190	200208	393673	202929	
853	201262	202817	396735	199186	
854	197529	200946	403025	198500	
855	196888	197161	403763	202188	
856	200603	196496	398107	204794	
857	203206	200172	393657	202965	
858	201262	202775	396668	199295	
859	197672	200878	402947	198503	
860	196889	197295	403653	202163	
861	200502	196491	398173	204834	
862	203268	200085	393786	202861	
863	201259	202829	396576	199336	
864	197632	200942	402914	198512	
865	196896	197301	403771	202032	
866	200332	196513	398243	204912	
867	203269	199940	393814	202977	
868	201316	202894	396453	199337	
869	197635	200990	402834	198541	
870	196959	197247	403884	201910	
871	200230	196562	398237	204971	
872	203305	199846	393809	203040	
873	201524	202858	396408	199210	
874	197598	201112	402704	198586	
875	196970	197210	403970	201850	
876	200192	196549	398322	204937	
877	203251	199786	393759	203204	
878	201515	202885	396335	199265	
879	197584	201154	402671	198591	
880	197033	197216	404039	201712	
881	200069	196681	398370	204880	
882	203222	199691	393897	203190	
883	201564	202853	396372	199211	
884	197544	201192	402544	198720	
885	197090	197185	404045	201680	
886	200170	196681	398377	204772	
887	203135	199764	393866	203235	
888	201592	202760	396445	199203	
889	197575	201231	402524	198670	
890	196977	197194	403991	201838	
891	200165	196595	398425	204815	
892	203183	199773	393789	203255	
893	201670	202749	396368	199213	
894	197575	201293	402522	198610	
895	196907	197212	404042	201839	
896	200182	196511	398505	204802	
897	203172	199750	393723	203355	
898	201651	202788	396261	199300	
899	197733	201309	402538	198420	
900	196784	197353	404097	201766	
901	200107	196418	398662	204813	
902	203062	199725	393771	203442	
903	201792	202678	396143	199387	
904	197774	201421	402403	198402	
905	196830	197412	404099	201659	
906	200001	196446	398833	204720	
907	203001	199633	393858	203508	
908	201894	202609	396079	199418	
909	197786	201522	402242	198450	
910	196862	197408	404131	201599	
911	199919	196511	398930	204640	
912	202923	199565	393919	203593	
913	201919	202550	396076	199455	
914	197904	201556	402115	198425	
915	196841	197525	404106	201528	
916	199872	196499	399081	204548	
917	202926	199497	394024	203553	
918	201894	202560	395996	199550	
919	197946	201549	402057	198448	
920	196810	197605	404109	201476	
921	199767	196471	399154	204608	
922	202925	199422	394076	203577	
923	201905	202563	395893	199639	
924	198027	201539	401985	198449	
925	196790	197680	404102	201428	
926	199699	196455	399219	204627	
927	202883	199315	394135	203667	
928	201920	202498	395770	199812	
929	198164	201589	401813	198434	
930	196761	197810	404087	201342	
931	199632	196432	399399	204537	
932	202803	199297	394242	203658	
933	201935	202457	395729	199879	
934	198243	201541	401754	198462	
935	196927	197859	403998	201216	
936	199569	196537	399400	204494	
937	202835	199216	394396	203553	
938	201888	202474	395753	199885	
939	198219	201546	401690	198545	
940	196844	197847	404020	201289	
941	199717	196469	399393	204421	
942	202832	199286	394316	203566	
943	201899	202462	395755	199884	
944	198312	201570	401748	198370	
945	196667	197969	404032	201332	
946	199669	196347	399539	204445	
947	202731	199343	394316	203610	
948	201912	202392	395690	200006	
949	198345	201558	401735	198362	
950	196807	198013	403950	201230	
951	199458	196453	399571	204518	
952	202820	199096	394466	203618	
953	202039	202465	395549	199947	
954	198291	201668	401561	198480	
955	196872	197916	404133	201079	
956	199439	196482	399584	204495	
957	202872	199044	394398	203686	
958	202081	202489	395526	199904	
959	198263	201721	401533	198483	
960	196861	197962	404210	200967	
961	199286	196550	399683	204481	
962	202811	198935	394512	203742	
963	202051	202447	395485	200017	
964	198362	201695	401382	198561	
965	196948	198020	404142	200890	
966	199254	196599	399715	204432	
967	202678	198944	394619	203759	
968	202089	202344	395543	200024	
969	198294	201766	401288	198652	
970	196944	198017	404110	200929	
971	199251	196603	399783	204363	
972	202671	198903	394620	203806	
973	202071	202355	395506	200068	
974	198453	201745	401258	198544	
975	196879	198107	404100	200914	
976	199167	196588	399852	204393	
977	202704	198855	394695	203746	
978	202074	202394	395443	200089	
979	198329	201777	401249	198645	
980	196980	198007	404171	200842	
981	199163	196650	399784	204403	
982	202661	198852	394657	203830	
983	202105	202320	395502	200073	
984	198398	201789	401172	198641	
985	196969	198085	404109	200837	
986	199227	196621	399874	204278	
987	202644	198896	394706	203754	
988	201951	202284	395517	200248	
989	198584	201633	401180	198603	
990	197027	198179	403917	200877	
991	199162	196711	399812	204315	
992	202640	198846	394890	203624	
993	201977	202316	395557	200150	
994	198511	201684	401162	198643	
995	196923	198198	404000	200879	
996	199164	196590	399882	204364	
997	202709	198796	394788	203707	
998	202112	202358	395386	200144	
999	198471	201789	401154	198586	
1000	196923	198128	404147	200802	
1001	199126	196553	399917	204404	
1002	202702	198797	394681	203820	
1003	202114	202361	395350	200175	
1004	198644	201769	401158	198429	
1005	196857	198327	404130	200686	
1006	198914	196568	400096	204422	
1007	202621	198617	394895	203867	
1008	202236	202267	395185	200312	
1009	198670	201908	400884	198538	
1010	196873	198345	404175	200607	
1011	198907	196536	400253	204304	
1012	202607	198571	394881	203941	
1013	202197	202297	395107	200399	
1014	198736	201892	400868	198504	
1015	196826	198461	404189	200524	
1016	198834	196526	400353	204287	
1017	202572	198500	394987	203941	
1018	202253	202237	395026	200484	
1019	198900	201934	400737	198429	
1020	196744	198600	404171	200485	
1021	198849	196431	400534	204186	
1022	202437	198490	395031	204042	
1023	202387	202091	394921	200601	
1024	198917	202070	400581	198432	
1025	196726	198611	404161	200502	
1026	198809	196421	400681	204089	
1027	202329	198488	395032	204151	
1028	202522	201988	394909	200581	
1029	198848	202220	400476	198456	
1030	196709	198532	404208	200551	
1031	198878	196348	400752	204022	
1032	202302	198528	394880	204290	
1033	202636	201974	394876	200514	
1034	198828	202319	400502	198351	
1035	196696	198499	404293	200512	
1036	198784	196372	400818	204026	
1037	202351	198449	394871	204329	
1038	202686	201980	394821	200513	
1039	198782	202398	400429	198391	
1040	196704	198480	404378	200438	
1041	198747	196397	400878	203978	
1042	202221	198398	394877	204504	
1043	202797	201905	394795	200503	
1044	198765	202477	400303	198455	
1045	196740	198468	404382	200410	
1046	198712	196415	400945	203928	
1047	202235	198344	394883	204538	
1048	202848	201882	394759	200511	
1049	198847	202540	400226	198387	