%Iteration	Healthy	Infected_1	Infected_2	Dead	
%pHIV=	0.0005	; pINF=	[974, 100000000]	

0	999500	500	0	0	
1	991202	8798	0	0	
2	956083	43917	0	0	
3	882516	108686	8798	0	
4	766384	189699	35119	8798	
5	625756	265480	73567	35197	
6	501538	308408	116132	73922	
7	432483	301272	149348	116897	
8	441130	249318	159060	150492	
9	521127	176065	142212	160596	
10	639323	109770	107106	143801	
11	760146	62377	68959	108518	
12	857180	31954	40811	70055	
13	921463	15450	21566	41521	
14	959564	8061	10388	21987	
15	978993	5306	5062	10639	
16	987154	4680	2999	5167	
17	989323	5315	2307	3055	
18	988473	6821	2373	2333	
19	985975	8696	2942	2387	
20	982701	10460	3879	2960	
21	979267	11997	4817	3919	
22	975992	13506	5643	4859	
23	973012	14935	6354	5699	
24	970072	16356	7152	6420	
25	966994	18008	7783	7215	
26	963827	19740	8573	7860	
27	960644	21258	9435	8663	
28	957579	22590	10305	9526	
29	954606	24033	10953	10408	
30	952285	25018	11637	11060	
31	950093	25760	12396	11751	
32	947706	27160	12622	12512	
33	945127	28981	13138	12754	
34	941811	30902	14022	13265	
35	937959	32918	14959	14164	
36	933894	35065	15943	15098	
37	929565	37365	16975	16095	
38	925621	39135	18090	17154	
39	921550	40909	19275	18266	
40	917294	43399	19860	19447	
41	912919	45989	21049	20043	
42	907681	48686	22350	21283	
43	902219	51592	23639	22550	
44	896402	54675	25047	23876	
45	890233	57939	26545	25283	
46	884925	60141	28130	26804	
47	880220	61564	29809	28407	
48	876344	63248	30332	30076	
49	872745	65379	31232	30644	
50	868930	67509	32016	31545	
51	865564	68740	33363	32333	
52	861888	70269	34146	33697	
53	858298	72609	34594	34499	
54	854101	75280	35675	34944	
55	848763	78322	36934	35981	
56	842879	81483	38346	37292	
57	838186	83141	39976	38697	
58	834741	83403	41507	40349	
59	833376	83058	41634	41932	
60	832453	83729	41769	42049	
61	833269	83296	41289	42146	
62	833186	82674	42440	41700	
63	831008	85286	40856	42850	
64	829403	87511	41818	41268	
65	825707	88585	43468	42240	
66	822278	89794	44043	43885	
67	819963	91050	44542	44445	
68	816735	93020	45252	44993	
69	812734	95795	45798	45673	
70	808680	97835	47222	46263	
71	805477	98249	48573	47701	
72	805276	96408	49262	49054	
73	805818	95457	48987	49738	
74	806086	96997	47421	49496	
75	807163	96909	48036	47892	
76	808874	93664	48961	48501	
77	811617	90988	47948	49447	
78	816367	89483	45716	48434	
79	818279	90262	45272	46187	
80	816333	93691	44211	45765	
81	811589	97686	46051	44674	
82	803405	102459	47640	46496	
83	796188	105682	50046	48084	
84	788165	108902	52413	50520	
85	780690	113096	53269	52945	
86	773450	117128	55633	53789	
87	763967	122407	57463	56163	
88	753091	129205	59665	58039	
89	739719	137270	62742	60269	
90	724463	145711	66463	63363	
91	707297	154840	70807	67056	
92	688915	164735	74904	71446	
93	669017	175441	79936	75606	
94	647892	186666	84799	80643	
95	626642	197082	90642	85634	
96	604597	207853	96024	91526	
97	584157	217841	101058	96944	
98	563583	227595	106795	102027	
99	542808	238349	111046	107797	
100	523279	248035	116549	112137	
101	505740	254813	121800	117647	
102	489791	260997	126235	122977	
103	477809	266159	128578	127454	
104	466267	271487	132419	129827	
105	455036	277515	133740	133709	
106	445353	281819	137747	135081	
107	433263	287841	139768	139128	
108	420163	296640	142051	141146	
109	405935	304847	145790	143428	
110	395589	306339	150850	147222	
111	387124	306531	153997	152348	
112	380788	311338	152342	155532	
113	372762	319105	154189	153944	
114	357905	329209	157149	155737	
115	348222	331136	161956	158686	
116	340769	328423	167253	163555	
117	334752	332478	163883	168887	
118	328833	341118	164540	165509	
119	314943	350931	167938	166188	
120	305076	352076	173180	169668	
121	298509	348825	177751	174915	
122	293930	352249	174325	179496	
123	289535	359794	174500	176171	
124	280637	365369	177749	176245	
125	275509	362936	182045	179510	
126	273515	359344	183324	183817	
127	272688	362491	179612	185209	
128	269350	369471	179732	181447	
129	261465	374317	182759	181459	
130	257377	371292	186712	184619	
131	257252	366573	187605	188570	
132	258046	368787	183687	189480	
133	257479	374037	182886	185598	
134	252428	377009	185901	184662	
135	250237	373882	188136	187745	
136	252090	369039	188873	189998	
137	253127	371028	185009	190836	
138	253518	375516	184030	186936	
139	249174	377893	186998	185935	
140	247746	374848	188518	188888	
141	250024	370199	189375	190402	
142	250881	372388	185473	191258	
143	251122	376786	184726	187366	
144	246713	379057	187662	186568	
145	245428	375925	189124	189523	
146	247900	371113	189933	191054	
147	249113	373040	185992	191855	
148	249650	377332	185121	187897	
149	245525	379568	187919	186988	
150	244496	376352	189413	189739	
151	247115	371474	190155	191256	
152	248486	373261	186197	192056	
153	249200	377387	185277	188136	
154	245299	379551	187984	187166	
155	244303	376410	189403	189884	
156	247000	371553	190148	191299	
157	248425	373293	186262	192020	
158	249092	377420	185291	188197	
159	245328	379477	188002	187193	
160	244377	376367	189418	189838	
161	246928	371699	190059	191314	
162	248373	373332	186308	191987	
163	248991	377351	185391	188267	
164	245308	379450	187941	187301	
165	244326	376397	189410	189867	
166	246983	371743	190040	191234	
167	248285	373411	186357	191947	
168	248973	377353	185386	188288	
169	245373	379342	188025	187260	
170	244343	376432	189328	189897	
171	246868	371828	190014	191290	
172	248377	373332	186418	191873	
173	248936	377349	185410	188305	
174	245312	379424	187922	187342	
175	244442	376340	189427	189791	
176	246886	371818	189997	191299	
177	248319	373395	186343	191943	
178	248983	377259	185475	188283	
179	245423	379356	187920	187301	
180	244405	376490	189339	189766	
181	246804	371947	190017	191232	
182	248301	373342	186473	191884	
183	248913	377247	185474	188366	
184	245439	379344	187868	187349	
185	244452	376440	189379	189729	
186	246831	371965	189965	191239	
187	248295	373347	186475	191883	
188	248931	377182	185490	188397	
189	245476	379287	187857	187380	
190	244385	376477	189325	189813	
191	246860	371955	189962	191223	
192	248185	373366	186515	191934	
193	249002	377165	185440	188393	
194	245442	379288	187926	187344	
195	244403	376564	189239	189794	
196	246831	371983	190049	191137	
197	248198	373360	186515	191927	
198	248905	377159	185468	188468	
199	245547	379216	187892	187345	
200	244396	376549	189267	189788	
201	246808	372054	189949	191189	
202	248200	373324	186600	191876	
203	248966	377129	185454	188451	
204	245511	379272	187870	187347	
205	244504	376553	189259	189684	
206	246750	372077	190013	191160	
207	248355	373314	186540	191791	
208	248768	377162	185537	188533	
209	245653	379182	187777	187388	
210	244499	376473	189385	189643	
211	246743	372204	189797	191256	
212	248303	373305	186676	191716	
213	248782	377114	185528	188576	
214	245534	379173	187777	187516	
215	244610	376410	189337	189643	
216	246717	372203	189836	191244	
217	248323	373376	186574	191727	
218	248808	377120	185629	188443	
219	245568	379224	187747	187461	
220	244580	376471	189373	189576	
221	246604	372266	189851	191279	
222	248257	373323	186620	191800	
223	248769	377003	185646	188582	
224	245656	379153	187677	187514	
225	244532	376565	189326	189577	
226	246606	372335	189827	191232	
227	248287	373266	186738	191709	
228	248649	377014	185597	188740	