%Iteration	Healthy	Infected_1	Infected_2	Dead	
%pHIV=	0.0005	; pINF=	[974, 100000000]	

0	999500	500	0	0	
1	991200	8800	0	0	
2	955953	44047	0	0	
3	882195	109005	8800	0	
4	767488	188465	35247	8800	
5	631707	259199	73758	35336	
6	512048	299120	114707	74125	
7	442446	297573	144492	115489	
8	445598	254089	154628	145685	
9	518800	182240	142945	156015	
10	633765	110556	111144	144535	
11	755365	60947	71096	112592	
12	853960	34357	39460	72223	
13	916781	21575	21487	40157	
14	949890	15373	12870	21867	
15	965515	12687	8705	13093	
16	971788	12712	6668	8832	
17	972446	14780	6019	6755	
18	969091	18117	6693	6099	
19	962933	22223	8087	6757	
20	955180	26631	10030	8159	
21	946553	31143	12193	10111	
22	937505	35747	14438	12310	
23	928159	40550	16705	14586	
24	918475	45628	19042	16855	
25	908651	50626	21508	19215	
26	898580	55586	24120	21714	
27	888391	60743	26506	24360	
28	878179	66001	29080	26740	
29	868091	70914	31663	29332	
30	858909	74810	34338	31943	
31	850338	78425	36576	34661	
32	842546	82285	38234	36935	
33	837845	83358	40191	38606	
34	834795	82554	42094	40557	
35	833333	82901	41264	42502	
36	833320	83686	41290	41704	
37	832180	84491	41611	41718	
38	830999	84907	42075	42019	
39	829977	85096	42416	42511	
40	830980	83720	42491	42809	
41	832808	81661	42605	42926	
42	834978	80880	41115	43027	
43	838094	79833	40546	41527	
44	839339	79378	40334	40949	
45	839576	80195	39499	40730	
46	838836	81386	39879	39899	
47	839117	80286	40316	40281	
48	841834	76405	41070	40691	
49	844330	74974	39216	41480	
50	846663	76525	37189	39623	
51	846361	78267	37785	37587	
52	844368	78752	38740	38140	
53	841679	79679	39527	39115	
54	839596	81269	39225	39910	
55	837708	82216	40454	39622	
56	833694	84650	40815	40841	
57	828754	88612	41401	41233	
58	822227	92697	43249	41827	
59	817421	93576	45363	43640	
60	815617	91242	47334	45807	
61	815140	90832	46242	47786	
62	814985	93280	45000	46735	
63	813290	95419	45832	45459	
64	808500	97755	47448	46297	
65	802689	101424	47971	47916	
66	799337	102448	49784	48431	
67	800151	97953	51640	50256	
68	803270	93794	50808	52128	
69	807304	94182	47145	51369	
70	811143	94546	46649	47662	
71	812177	93140	47533	47150	
72	813198	91789	47013	48000	
73	814815	91563	46127	47495	
74	815337	92396	45662	46605	
75	814573	93416	45901	46110	
76	812273	94842	46495	46390	
77	809107	97009	46921	46963	
78	805780	98928	47921	47371	
79	800941	101579	49088	48392	
80	795445	105123	49840	49592	
81	789605	108304	51739	50352	
82	781087	113263	53384	52266	
83	771846	119332	54920	53902	
84	759655	126528	58343	55474	
85	744435	135673	60989	58903	
86	729408	143452	65539	61601	
87	712513	151161	70134	66192	
88	695553	160350	73318	70779	
89	678117	170005	77843	74035	
90	658211	180682	82507	78600	
91	638374	190828	87498	83300	
92	617825	200617	93184	88374	
93	601591	206634	97644	94131	
94	585272	213195	102973	98560	
95	568519	223902	103661	103918	
96	553247	232531	109534	104688	
97	533955	241109	114368	110568	
98	516197	250170	118163	115470	
99	497844	259899	122946	119311	
100	480764	267851	127224	124161	
101	465859	272958	132675	128508	
102	450640	280299	135176	133885	
103	436304	289445	137782	136469	
104	419202	299178	142517	139103	
105	399437	309699	146928	143936	
106	384377	315030	152250	148343	
107	369490	319366	157449	153695	
108	356791	326656	157581	158972	
109	344979	334013	161785	159223	
110	328811	342981	164871	163337	
111	318559	345781	169142	166518	
112	307654	347633	173839	170874	
113	297788	354754	171942	175516	
114	289958	360663	175691	173688	
115	276361	367157	179063	177419	
116	271049	366517	181600	180834	
117	266356	364654	185557	183433	
118	262791	368876	180960	187373	
119	262003	371413	183694	182890	
120	253735	375496	185182	185587	
121	253582	373205	186231	186982	
122	252542	370119	189265	188074	
123	251747	373196	183940	191117	
124	252382	375536	186179	185903	
125	246206	378687	187017	188090	
126	247507	375041	188519	188933	
127	247681	371703	190168	190448	
128	248781	374307	184873	192039	
129	250129	376288	186830	186753	
130	244867	379003	187477	188653	
131	246598	375201	188811	189390	
132	247134	371932	190192	190742	
133	248219	374684	185009	192088	
134	249124	376983	186923	186970	
135	244130	379339	187761	188770	
136	245839	375243	189222	189696	
137	246798	371959	190117	191126	
138	248188	374646	185126	192040	
139	249122	377013	186833	187032	
140	244046	379318	187813	188823	
141	245931	375164	189200	189705	
142	246763	371970	190118	191149	
143	248231	374699	185046	192024	
144	249131	377008	186924	186937	
145	244059	379379	187775	188787	
146	245863	375205	189233	189699	
147	246836	371924	190146	191094	
148	248214	374678	185059	192049	
149	249178	376986	186865	186971	
150	244195	379306	187813	188686	
151	245798	375287	189173	189742	
152	246794	371953	190133	191120	
153	248202	374571	185154	192073	
154	249123	376962	186799	187116	
155	244196	379318	187772	188714	
156	245894	375340	189190	189576	
157	246714	372128	190128	191030	
158	248060	374638	185212	192090	
159	249142	376781	186916	187161	
160	244280	379218	187722	188780	
161	245852	375424	189059	189665	
162	246736	372097	190159	191008	
163	248082	374565	185265	192088	
164	249100	376802	186832	187266	
165	244279	379189	187733	188799	
166	245883	375417	189069	189631	
167	246656	372200	190120	191024	
168	248062	374583	185297	192058	
169	249103	376753	186903	187241	
170	244390	379213	187680	188717	
171	245729	375570	189073	189628	
172	246700	372188	190140	190972	
173	248131	374463	185430	191976	
174	248994	376860	186758	187388	
175	244528	379171	187705	188596	
176	245745	375544	189155	189556	
177	246582	372289	190016	191113	
178	248135	374376	185528	191961	
179	249041	376790	186761	187408	
180	244506	379263	187615	188616	
181	245700	375639	189175	189486	
182	246574	372297	190088	191041	
183	248050	374356	185551	192043	
184	249137	376697	186746	187420	
185	244535	379256	187610	188599	
186	245619	375747	189087	189547	
187	246614	372254	190169	190963	
188	248025	374316	185578	192081	
189	249103	376693	186676	187528	
190	244616	379164	187640	188580	
191	245705	375737	189053	189505	
192	246649	372306	190111	190934	
193	248097	374278	185626	191999	
194	249058	376665	186680	187597	
195	244724	379089	187598	188589	
196	245720	375706	189067	189507	
197	246644	372368	190022	190966	
198	248113	374319	185684	191884	
199	248965	376738	186684	187613	
200	244735	379065	187635	188565	
201	245615	375710	189103	189572	
202	246612	372369	189962	191057	
203	248134	374249	185748	191869	
204	248968	376788	186621	187623	