%Iteration	Healthy	Infected_1	Infected_2	Dead	
%pHIV=	0.0005	; pINF=	[974, 100000000]	

0	999500	500	0	0	
1	991155	8845	0	0	
2	955684	44316	0	0	
3	881533	109622	8845	0	
4	765337	190347	35471	8845	
5	628053	262257	74151	35539	
6	508829	300453	116196	74522	
7	443939	293057	146061	116943	
8	450759	247643	154392	147206	
9	521863	183613	138665	155859	
10	632017	118796	108978	140209	
11	748391	66605	74635	110369	
12	847543	32586	44161	75710	
13	917059	15543	22444	44954	
14	957801	9161	10142	22896	
15	977364	6880	5401	10355	
16	984296	6427	3760	5517	
17	985748	7319	3120	3813	
18	984542	8991	3307	3160	
19	981590	11059	4012	3339	
20	977601	13369	4979	4051	
21	972957	15948	6080	5015	
22	967739	18852	7289	6120	
23	961913	22079	8659	7349	
24	956117	24944	10193	8746	
25	950172	27670	11886	10272	
26	944489	30458	13058	11995	
27	938887	33313	14612	13188	
28	932736	36663	15846	14755	
29	926300	40238	17467	15995	
30	919298	43871	19196	17635	
31	912151	47432	21042	19375	
32	904986	50951	22829	21234	
33	898516	53847	24603	23034	
34	891973	56834	26348	24845	
35	886531	59384	27499	26586	
36	881955	60932	29335	27778	
37	877636	62675	30049	29640	
38	874381	64400	30883	30336	
39	871001	66036	31792	31171	
40	867632	67660	32608	32100	
41	865289	68353	33428	32930	
42	864051	67948	34232	33769	
43	862943	68359	34121	34577	
44	862305	69388	33827	34480	
45	860521	70778	34532	34169	
46	857213	73057	34856	34874	
47	853408	75487	35922	35183	
48	849732	76867	37135	36266	
49	845647	78528	38352	37473	
50	841973	80770	38515	38742	
51	837922	83141	40013	38924	
52	832696	86157	40757	40390	
53	828939	87524	42384	41153	
54	825779	87655	43773	42793	
55	822032	90024	43751	44193	
56	817091	94804	43904	44201	
57	809206	100301	46120	44373	
58	799883	104857	48684	46576	
59	790129	109097	51617	49157	
60	780023	114604	53240	52133	
61	769227	121173	55857	53743	
62	756796	128044	58747	56413	
63	744908	133341	62426	59325	
64	733031	138327	65618	63024	
65	721732	144304	67723	66241	
66	709847	151164	70604	68385	
67	696036	158966	73700	71298	
68	682544	165598	77464	74394	
69	668631	171643	81502	78224	
70	655072	178528	84096	82304	
71	641523	186011	87547	84919	
72	626446	194203	90981	88370	
73	611973	201117	95030	91880	
74	597709	207165	99173	95953	
75	585932	211994	101944	100130	
76	574085	217757	105221	102937	
77	562383	224614	106773	106230	
78	552974	228174	110984	107868	
79	542529	231781	113630	112060	
80	534608	236110	114544	114738	
81	525732	241364	117237	115667	
82	515461	247244	118873	118422	
83	507098	250380	122491	120031	
84	497029	254532	124753	123686	
85	488489	259870	125627	126014	
86	479191	265035	128905	126869	
87	468101	270747	130965	130187	
88	459366	274282	134070	132282	
89	450202	277724	136677	135397	
90	442707	281754	137605	137934	
91	435867	285089	140119	138925	
92	427436	289377	141635	141552	
93	418982	294588	143454	142976	
94	410796	298388	145923	144893	
95	402672	301313	148665	147350	
96	393530	306623	149723	150124	
97	384455	312740	151590	151215	
98	373716	318202	155033	153049	
99	363668	322102	157707	156523	
100	354884	325273	160495	159348	
101	345619	330667	161607	162107	
102	336293	336837	163666	163204	
103	325253	342454	167001	165292	
104	315207	346330	169836	168627	
105	306336	349504	172618	171542	
106	297633	354295	173712	174360	
107	291034	357682	175792	175492	
108	283198	360824	178503	177475	
109	276347	364269	179179	180205	
110	270391	366966	181645	180998	
111	264149	369770	182624	183457	
112	261770	369394	184342	184494	
113	258219	370268	185428	186085	
114	256507	372268	183966	187259	
115	254278	373534	186302	185886	
116	249523	376318	185966	188193	
117	249262	375315	187568	187855	
118	246510	375310	188750	189430	
119	247641	375102	186565	190692	
120	248615	374127	188745	188513	
121	246216	376735	186357	190692	
122	248286	375691	187770	188253	
123	245775	375646	188965	189614	
124	246935	375428	186726	190911	
125	248240	374240	188920	188600	
126	245834	376836	186508	190822	
127	247995	375802	187732	188471	
128	245773	375568	189104	189555	
129	246789	375526	186698	190987	
130	248142	374351	188870	188637	
131	245862	376763	186656	190719	
132	247902	375851	187695	188552	
133	245681	375598	189068	189653	
134	246848	375418	186783	190951	
135	248116	374366	188815	188703	
136	245962	376767	186603	190668	
137	247954	375819	187763	188464	
138	245719	375627	189004	189650	
139	246847	375390	186815	190948	
140	248150	374280	188812	188758	
141	245974	376720	186578	190728	
142	247925	375888	187702	188485	
143	245693	375690	189018	189599	
144	246757	375431	186870	190942	
145	248130	374294	188820	188756	
146	245988	376743	186611	190658	
147	247860	375976	187683	188481	
148	245554	375720	189060	189666	
149	246827	375307	186916	190950	
150	248127	374294	188804	188775	
151	245819	376907	186503	190771	
152	247920	375920	187791	188369	
153	245481	375709	189116	189694	
154	246784	375383	186804	191029	
155	248184	374254	188905	188657	
156	245807	376950	186478	190765	
157	247923	375985	187776	188316	
158	245436	375733	189174	189657	
159	246824	375363	186811	191002	
160	248098	374288	188922	188692	
161	245748	376976	186441	190835	
162	248009	375894	187847	188250	
163	245332	375785	189129	189754	
164	246900	375382	186765	190953	
165	247973	374299	189020	188708	
166	245757	376946	186362	190935	
167	247996	375808	187937	188259	
168	245317	375825	189009	189849	
169	246920	375381	186799	190900	
170	247905	374327	189026	188742	
171	245851	376932	186355	190862	
172	247973	375835	187972	188220	
173	245326	375879	188960	189835	
174	246873	375373	186875	190879	
175	247898	374274	189004	188824	
176	245908	376838	186369	190885	
177	247914	375898	187905	188283	
178	245411	375909	188933	189747	
179	246786	375386	186965	190863	
180	247936	374252	188944	188868	
181	246021	376786	186442	190751	
182	247799	376048	187810	188343	
183	245435	375932	188976	189657	
184	246681	375348	187072	190899	
185	247905	374218	188860	189017	
186	246069	376681	186488	190762	
187	247844	376065	187730	188361	
188	245398	376008	188951	189643	
189	246674	375360	187114	190852	
190	247843	374212	188894	189051	
191	246067	376632	186466	190835	
192	247896	376006	187746	188352	
193	245297	376092	188886	189725	
194	246750	375350	187120	190780	
195	247796	374173	188972	189059	
196	246172	376612	186378	190838	
197	247822	376015	187795	188368	
198	245457	376051	188817	189675	
199	246647	375367	187198	190788	
200	247809	374217	188853	189121	
201	246153	376560	186514	190773	
202	247826	376035	187703	188436	
203	245492	376056	188857	189595	
204	246650	375417	187178	190755	
205	247792	374237	188878	189093	
206	246122	376537	186539	190802	
207	247863	375991	187698	188448	
208	245546	376043	188839	189572	
209	246721	375462	187152	190665	
210	247655	374333	188891	189121	
211	246132	376452	186571	190845	
212	247860	375869	187762	188509	
213	245522	376105	188690	189683	
214	246684	375503	187179	190634	
215	247692	374317	188926	189065	
216	246151	376501	186577	190771	
217	247862	375974	187740	188424	
218	245532	376123	188761	189584	
219	246636	375509	187213	190642	
220	247636	374296	188910	189158	
221	246244	376403	186599	190754	
222	247811	375993	187697	188499	
223	245457	376172	188706	189665	
224	246748	375390	187287	190575	
225	247651	374288	188885	189176	
226	246321	376460	186505	190714	
227	247813	376043	187783	188361	
228	245380	376216	188677	189727	
229	246774	375299	187366	190561	
230	247561	374282	188850	189307	
231	246290	376463	186449	190798	
232	247880	375986	187833	188301	
233	245319	376311	188630	189740	
234	246775	375349	187356	190520	
235	247504	374268	188955	189273	
236	246235	376464	186394	190907	
237	247907	375919	187874	188300	
238	245361	376322	188590	189727	
239	246741	375436	187329	190494	
240	247481	374239	188993	189287	
241	246393	376324	186443	190840	
242	247824	375983	187796	188397	
243	245418	376327	188528	189727	
244	246780	375352	187455	190413	
245	247489	374327	188872	189312	
246	246338	376401	186480	190781	
247	247856	375937	187847	188360	
248	245478	376282	188554	189686	
249	246756	375411	187383	190450	
250	247526	374329	188899	189246	
251	246255	376412	186512	190821	
252	247782	375901	187817	188500	
253	245559	376140	188595	189706	
254	246759	375453	187306	190482	
255	247486	374445	188834	189235	
256	246282	376374	186619	190725	
257	247816	375886	187826	188472	
258	245625	376217	188548	189610	
259	246643	375574	187338	190445	
260	247419	374413	188879	189289	
261	246382	376203	186695	190720	
262	247695	375919	187718	188668	
263	245758	376177	188485	189580	
264	246656	375551	187434	190359	
265	247404	374517	188743	189336	
266	246409	376178	186808	190605	
267	247650	375934	187709	188707	
268	245857	376173	188469	189501	
269	246649	375603	187465	190283	
270	247312	374608	188708	189372	
271	246367	376101	186895	190637	
272	247629	375838	187713	188820	
273	245839	376154	188388	189619	
274	246606	375627	187450	190317	
275	247338	374605	188704	189353	
276	246424	376075	186923	190578	
277	247552	375874	187682	188892	
278	245901	376089	188393	189617	
279	246691	375572	187481	190256	
280	247278	374720	188608	189394	
281	246433	376096	186964	190507	
282	247489	375836	187756	188919	
283	245966	376046	188340	189648	
284	246680	375587	187496	190237	
285	247208	374792	188550	189450	
286	246437	376036	187037	190490	
287	247521	375803	187755	188921	
288	245953	376100	188281	189666	
289	246667	375598	187522	190213	
290	247255	374757	188578	189410	
291	246516	376077	187020	190387	
292	247394	375937	187737	188932	
293	246005	376075	188340	189580	
294	246608	375555	187597	190240	
295	247296	374767	188478	189459	
296	246580	376053	187077	190290	
297	247351	376019	187690	188940	
298	245922	376085	188363	189630	
299	246664	375428	187656	190252	
300	247225	374725	188429	189621	
301	246643	376016	186999	190342	
302	247348	375999	187726	188927	
303	245894	376146	188290	189670	
304	246752	375407	187709	190132	
305	247055	374803	188437	189705	
306	246676	375986	186970	190368	
307	247427	375910	187833	188830	
308	245907	376263	188153	189677	
309	246784	375487	187757	189972	
310	247035	374850	188506	189609	
311	246629	375971	186981	190419	
312	247485	375779	187869	188867	
313	245924	376223	188102	189751	
314	246770	375540	187677	190013	
315	247044	374837	188546	189573	
316	246608	375967	186994	190431	
317	247476	375813	187843	188868	
318	245923	376240	188124	189713	
319	246668	375547	187689	190096	
320	247068	374762	188551	189619	
321	246720	375924	186996	190360	
322	247394	375974	187766	188866	
323	245886	376299	188158	189657	
324	246670	375458	187816	190056	
325	247029	374720	188483	189768	
326	246814	375820	186975	190391	
327	247365	375961	187745	188929	
328	245927	376329	188075	189669	
329	246661	375462	187886	189991	
330	246946	374770	188443	189841	
331	246917	375769	187019	190295	
332	247286	376039	187751	188924	
333	245951	376405	188018	189626	
334	246660	375431	188021	189888	
335	246834	374770	188384	190012	
336	247019	375632	187047	190302	
337	247312	376004	187723	188961	
338	246049	376480	187909	189562	
339	246516	375530	188095	189859	
340	246909	374743	188385	189963	
341	246917	375596	187145	190342	
342	247392	375984	187598	189026	
343	246101	376457	187998	189444	
344	246449	375650	187986	189915	
345	246931	374718	188471	189880	
346	246877	375568	187179	190376	
347	247478	375973	187539	189010	
348	245971	376516	188029	189484	
349	246497	375642	187944	189917	
350	246914	374646	188572	189868	
351	246887	375581	187070	190462	
352	247564	375970	187576	188890	
353	245937	376617	188005	189441	
354	246485	375678	187965	189872	
355	246917	374602	188652	189829	
356	246837	375575	187026	190562	
357	247551	375940	187576	188933	
358	245938	376552	187999	189511	
359	246478	375632	187941	189949	
360	246991	374589	188611	189809	
361	246881	375652	187021	190446	
362	247400	376047	187568	188985	
363	246034	376454	188084	189428	
364	246430	375619	187963	189988	
365	247005	374653	188491	189851	
366	246888	375618	187128	190366	
367	247307	376079	187525	189089	
368	246107	376383	188093	189417	
369	246474	375586	187986	189954	
370	247045	374750	188397	189808	
371	246938	375709	187189	190164	
372	247188	376194	187561	189057	
373	246039	376347	188148	189466	
374	246607	375427	188046	189920	
375	246891	374832	188301	189976	
376	247078	375697	187126	190099	
377	247042	376165	187706	189087	
378	246049	376311	187991	189649	
379	246708	375267	188174	189851	
380	246870	374916	188137	190077	
381	247081	375742	187130	190047	
382	247042	376117	187786	189055	
383	246041	376310	187956	189693	
384	246687	375277	188161	189875	
385	246929	374903	188149	190019	
386	246982	375786	187128	190104	
387	247041	376094	187775	189090	
388	246103	376197	188011	189689	
389	246739	375321	188083	189857	
390	246835	375060	188114	189991	
391	246996	375792	187207	190005	
392	246977	376020	187853	189150	
393	246164	376154	187939	189743	
394	246751	375327	188081	189841	
395	246788	375107	188073	190032	
396	246970	375745	187254	190031	
397	247008	375964	187853	189175	
398	246186	376180	187892	189742	
399	246776	375399	188072	189753	
400	246767	375175	188108	189950	
401	246875	375744	187291	190090	
402	247082	375833	187884	189201	
403	246216	376149	187860	189775	
404	246828	375496	187973	189703	
405	246636	375273	188176	189915	
406	246924	375690	187320	190066	
407	247063	375779	187953	189205	
408	246259	376204	187737	189800	
409	246741	375496	188042	189721	
410	246686	375172	188162	189980	
411	247002	375626	187334	190038	
412	247010	375900	187838	189252	
413	246218	376226	187788	189768	
414	246740	375447	188112	189701	
415	246720	375181	188114	189985	
416	246906	375675	187333	190086	
417	247051	375845	187848	189256	
418	246231	376181	187827	189761	
419	246749	375504	188018	189729	
420	246786	375197	188163	189854	
421	246868	375747	187341	190044	
422	247015	375869	187856	189260	
423	246312	376096	187891	189701	
424	246661	375532	187978	189829	
425	246818	375180	188118	189884	
426	246935	375699	187414	189952	
427	246913	375989	187766	189332	
428	246287	376102	187933	189678	
429	246694	375451	188056	189799	
430	246761	375213	188046	189980	
431	246982	375687	187405	189926	
432	246886	375982	187808	189324	
433	246310	376097	187879	189714	
434	246736	375436	188103	189725	
435	246572	375293	187994	190141	
436	247127	375525	187442	189906	
437	246851	375895	187851	189403	
438	246414	376198	187674	189714	
439	246739	375507	188221	189533	
440	246558	375383	187977	190082	
441	247070	375517	187530	189883	
442	246828	375836	187853	189483	
443	246491	376106	187664	189739	
444	246801	375536	188172	189491	
445	246468	375518	187934	190080	
446	247069	375510	187602	189819	
447	246782	375786	187916	189516	
448	246442	376076	187594	189888	
449	246922	375444	188192	189442	
450	246375	375598	187884	190143	
451	247218	375527	187560	189695	
452	246743	375822	188038	189397	
453	246358	376212	187489	189941	
454	246911	375348	188333	189408	
455	246405	375490	187879	190226	
456	247211	375533	187469	189787	
457	246795	375837	188021	189347	
458	246303	376231	187512	189954	
459	246876	375336	188325	189463	
460	246481	375413	187906	190200	
461	247123	375581	187430	189866	
462	246801	375845	187983	189371	
463	246341	376164	187598	189897	
464	246780	375393	188247	189580	
465	246547	375377	187917	190159	
466	247135	375559	187476	189830	
467	246900	375899	187901	189300	
468	246330	376262	187658	189750	
469	246729	375481	188241	189549	
470	246606	375301	188021	190072	
471	247079	375574	187460	189887	
472	246943	375942	187841	189274	
473	246224	376279	187733	189764	
474	246810	375425	188209	189556	
475	246509	375288	188070	190133	
476	247100	375568	187355	189977	
477	246985	375857	187933	189225	
478	246210	376329	187635	189826	
479	246766	375436	188222	189576	
480	246603	375215	188107	190075	
481	247014	375628	187329	190029	
482	246998	375894	187886	189222	
483	246280	376268	187742	189710	
484	246667	375518	188152	189663	
485	246587	375204	188116	190093	
486	247064	375506	187402	190028	
487	247042	375893	187802	189263	
488	246244	376360	187704	189692	
489	246698	375554	188189	189559	
490	246459	375208	188171	190162	
491	247158	375408	187383	190051	
492	247094	375862	187825	189219	
493	246256	376504	187583	189657	
494	246685	375617	188279	189419	
495	246381	375204	188225	190190	
496	247101	375331	187392	190176	
497	247202	375750	187812	189236	
498	246164	376571	187519	189746	
499	246706	375652	188231	189411	
500	246362	375165	188340	190133	
501	247061	375349	187312	190278	
502	247203	375689	187853	189255	
503	246146	376530	187496	189828	
504	246808	375592	188193	189407	
505	246414	375201	188337	190048	
506	247027	375484	187255	190234	
507	247221	375694	187946	189139	
508	246116	376509	187538	189837	
509	246745	375606	188156	189493	
510	246471	375138	188353	190038	
511	247096	375479	187253	190172	
512	247190	375832	187885	189093	
513	246064	376570	187594	189772	
514	246734	375526	188238	189502	
515	246452	375066	188332	190150	
516	247079	375453	187194	190274	
517	247213	375805	187872	189110	
518	246077	376560	187581	189782	
519	246763	375543	188224	189470	
520	246554	375102	188336	190008	
521	246931	375583	187207	190279	
522	247188	375751	187895	189166	
523	246110	376396	187688	189806	
524	246682	375594	188063	189661	
525	246649	375076	188333	189942	
526	246821	375595	187261	190323	
527	247294	375749	187815	189142	
528	246114	376406	187780	189700	
529	246639	375694	187969	189698	
530	246664	375037	188437	189862	
531	246806	375587	187257	190350	
532	247343	375758	187780	189119	
533	246155	376438	187807	189600	
534	246514	375782	187951	189753	
535	246745	374965	188487	189803	
536	246784	375563	187295	190358	
537	247366	375817	187670	189147	
538	246131	376425	187893	189551	
539	246499	375786	187924	189791	
540	246761	374930	188501	189808	
541	246716	375555	187285	190444	
542	247376	375775	187645	189204	
543	246102	376391	187910	189597	
544	246579	375787	187865	189769	
545	246761	374997	188526	189716	
546	246697	375647	187261	190395	
547	247361	375754	187736	189149	
548	246039	376353	187911	189697	
549	246690	375704	187843	189763	
550	246734	375038	188510	189718	
551	246645	375714	187194	190447	
552	247402	375654	187844	189100	
553	246051	376340	187870	189739	
554	246632	375750	187784	189834	
555	246824	374968	188556	189652	
556	246540	375750	187194	190516	
557	247531	375659	187774	189036	
558	246079	376348	187976	189597	
559	246511	375899	187683	189907	
560	246860	374899	188665	189576	
561	246490	375669	187234	190607	
562	247485	375652	187665	189198	
563	246176	376280	188004	189540	
564	246476	375959	187648	189917	
565	246910	374953	188632	189505	
566	246498	375675	187327	190500	
567	247419	375701	187626	189254	
568	246135	376222	188049	189594	
569	246499	375860	187652	189989	
570	246905	374948	188570	189577	
571	246522	375703	187290	190485	
572	247453	375706	187658	189183	
573	246149	376260	188045	189546	
574	246536	375902	187661	189901	
575	246813	374993	188599	189595	
576	246540	375653	187303	190504	
577	247488	375658	187690	189164	
578	246152	376319	187963	189566	
579	246516	375924	187695	189865	
580	246762	374981	188624	189633	
581	246601	375598	187300	190501	
582	247481	375657	187681	189181	
583	246126	376366	187917	189591	
584	246490	375902	187740	189868	
585	246813	374925	188626	189636	
586	246560	375612	187276	190552	
587	247441	375672	187649	189238	
588	246222	376303	187963	189512	
589	246451	375975	187709	189865	
590	246909	374997	188594	189500	
591	246478	375677	187381	190464	
592	247411	375706	187616	189267	
593	246194	376203	188061	189542	
594	246507	375912	187645	189936	
595	246885	375013	188558	189544	
596	246471	375694	187354	190481	
597	247439	375659	187659	189243	
598	246127	376214	188035	189624	
599	246597	375881	187624	189898	
600	246822	375047	188590	189541	
601	246526	375731	187291	190452	
602	247374	375662	187756	189208	
603	246183	376225	187975	189617	
604	246568	375889	187687	189856	
605	246856	375071	188538	189535	
606	246453	375737	187351	190459	
607	247361	375628	187720	189291	
608	246233	376140	188017	189610	
609	246497	375922	187611	189970	
610	246862	375052	188529	189557	
611	246508	375678	187393	190421	
612	247357	375690	187659	189294	
613	246185	376196	188019	189600	
614	246614	375866	187671	189849	
615	246781	375114	188525	189580	
616	246611	375714	187341	190334	
617	247252	375711	187773	189264	
618	246213	376189	187941	189657	
619	246591	375805	187770	189834	
620	246804	375141	188419	189636	
621	246640	375722	187386	190252	
622	247162	375773	187755	189310	
623	246231	376139	187967	189663	
624	246582	375736	187806	189876	
625	246835	375153	188333	189679	
626	246607	375747	187403	190243	
627	247107	375759	187750	189384	
628	246343	376019	187997	189641	
629	246576	375756	187762	189906	
630	246801	375230	188257	189712	
631	246598	375687	187499	190216	
632	247130	375714	187731	189425	
633	246469	376046	187956	189529	
634	246458	375930	187758	189854	
635	246791	375266	188288	189655	
636	246652	375574	187642	190132	
637	247085	375764	187624	189527	
638	246412	376066	187950	189572	
639	246452	375837	187814	189897	
640	246798	375209	188252	189741	
641	246745	375588	187585	190082	
642	247031	375870	187624	189475	
643	246437	376105	187964	189494	
644	246395	375810	187906	189889	
645	246848	375173	188199	189780	
646	246749	375566	187611	190074	
647	247041	375920	187562	189477	
648	246460	376122	188004	189414	
649	246368	375826	187916	189890	
650	246806	375151	188206	189837	
651	246779	375495	187620	190106	
652	247066	375916	187531	189487	
653	246450	376177	187964	189409	
654	246421	375831	187952	189796	
655	246621	375196	188225	189958	
656	246874	375388	187606	190132	
657	247035	375843	187590	189532	
658	246531	376242	187798	189429	
659	246300	375900	188045	189755	
660	246790	375171	188197	189842	
661	246774	375422	187703	190101	
662	246983	375904	187468	189645	
663	246526	376099	187954	189421	
664	246326	375848	187950	189876	
665	246818	375197	188149	189836	
666	246738	375489	187699	190074	
667	246973	375905	187498	189624	
668	246576	376051	187991	189382	
669	246397	375885	187914	189804	
670	246740	375309	188137	189814	
671	246723	375459	187748	190070	
672	246916	375786	187561	189737	
673	246635	375971	187898	189496	
674	246431	375878	187888	189803	
675	246779	375401	188083	189737	
676	246762	375552	187795	189891	
677	246883	375878	187606	189633	
678	246462	375992	187946	189600	
679	246545	375683	187932	189840	
680	246803	375332	188060	189805	
681	246726	375688	187623	189963	
682	246867	375888	187709	189536	
683	246438	375938	187979	189645	
684	246550	375638	187909	189903	
685	246885	375333	188029	189753	
686	246718	375780	187609	189893	
687	246755	375946	187724	189575	
688	246538	375815	188056	189591	
689	246529	375643	187890	189938	
690	246905	375422	187925	189748	
691	246668	375784	187718	189830	
692	246837	375919	187704	189540	
693	246496	375837	188080	189587	
694	246507	375666	187839	189988	
695	246942	375354	187998	189706	
696	246598	375792	187668	189942	
697	246863	375876	187686	189575	
698	246571	375805	188106	189518	
699	246486	375782	187770	189962	
700	246960	375411	188035	189594	
701	246545	375800	187747	189908	
702	246874	375853	187664	189609	
703	246484	375763	188136	189617	
704	246493	375702	187717	190088	
705	247015	375325	188046	189614	
706	246556	375862	187656	189926	
707	246895	375920	187669	189516	
708	246470	375792	188193	189545	
709	246461	375710	187727	190102	
710	247050	375280	188065	189605	
711	246517	375853	187645	189985	
712	246943	375910	187635	189512	
713	246527	375814	188218	189441	
714	246374	375819	187692	190115	
715	247055	375246	188122	189577	
716	246523	375771	187697	190009	
717	247026	375916	187549	189509	
718	246448	375889	188222	189441	
719	246424	375815	187694	190067	
720	247066	375223	188195	189516	
721	246398	375848	187620	190134	
722	247070	375821	187603	189506	
723	246445	375819	188245	189491	
724	246426	375865	187576	190133	
725	247018	375229	188243	189510	
726	246449	375793	187622	190136	
727	247064	375813	187607	189516	
728	246453	375867	188186	189494	
729	246420	375879	187627	190074	
730	247013	375240	188240	189507	
731	246370	375793	187639	190198	
732	247128	375742	187601	189529	
733	246468	375855	188192	189485	
734	246405	375951	187550	190094	
735	247039	375225	188305	189431	
736	246348	375799	187646	190207	
737	247121	375744	187579	189556	
738	246474	375813	188220	189493	
739	246475	375940	187524	190061	
740	246960	375302	188289	189449	
741	246352	375791	187651	190206	
742	247131	375675	187651	189543	
743	246447	375841	188140	189572	
744	246524	375932	187535	190009	
745	246979	375324	188306	189391	
746	246355	375844	187626	190175	
747	247079	375672	187698	189551	
748	246472	375784	188146	189598	
749	246473	375911	187526	190090	
750	246969	375303	188258	189470	
751	246395	375794	187653	190158	
752	247120	375713	187650	189517	
753	246462	375866	188144	189528	
754	246459	375939	187569	190033	
755	246952	375264	188297	189487	
756	246403	375753	187642	190202	
757	247167	375706	187622	189505	
758	246424	375918	188131	189527	
759	246425	375950	187575	190050	
760	246969	375207	188343	189481	
761	246328	375745	187607	190320	
762	247286	375647	187600	189467	
763	246447	375962	188145	189446	
764	246395	376088	187502	190015	
765	246999	375198	188460	189343	
766	246302	375746	187628	190324	
767	247206	375657	187570	189567	
768	246461	375861	188176	189502	
769	246390	376028	187481	190101	
770	247013	375207	188380	189400	
771	246330	375746	187648	190276	
772	247208	375703	187559	189530	
773	246470	375897	188187	189446	
774	246385	376034	187516	190065	
775	246958	375217	188381	189444	
776	246344	375699	187653	190304	
777	247213	375654	187564	189569	
778	246534	375905	188135	189426	
779	246344	376104	187519	190033	
780	246919	375243	188386	189452	
781	246440	375624	187718	190218	
782	247096	375717	187525	189662	
783	246606	375893	188099	189402	
784	246354	376067	187618	189961	
785	246887	375329	188275	189509	
786	246425	375613	187792	190170	
787	247088	375682	187537	189693	
788	246679	375876	188076	189369	
789	246316	376135	187606	189943	
790	246869	375351	188270	189510	
791	246421	375536	187865	190178	
792	247159	375654	187486	189701	
793	246615	375942	188050	189393	
794	246238	376135	187604	190023	
795	246903	375215	188338	189544	
796	246419	375502	187797	190282	
797	247257	375684	187418	189641	
798	246578	376027	188084	189311	
799	246320	376173	187600	189907	
800	246885	375243	188427	189445	
801	246364	375562	187746	190328	
802	247222	375607	187497	189674	
803	246611	375940	188065	189384	
804	246338	376197	187542	189923	
805	246821	375320	188398	189461	
806	246417	375526	187799	190258	
807	247091	375606	187521	189782	
808	246725	375870	188005	189400	
809	246320	376176	187601	189903	
810	246833	375404	188269	189494	
811	246399	375508	187907	190186	
812	247144	375592	187497	189767	
813	246681	375910	188011	189398	
814	246272	376195	187581	189952	
815	246868	375314	188329	189489	
816	246435	375501	187866	190198	
817	247137	375668	187448	189747	
818	246673	375938	188053	189336	
819	246294	376179	187615	189912	
820	246884	375321	188323	189472	
821	246409	375528	187856	190207	
822	247104	375655	187465	189776	
823	246761	375878	188063	189298	
824	246223	376230	187592	189955	
825	246827	375346	188286	189541	
826	246406	375414	187944	190236	
827	247146	375599	187402	189853	
828	246761	375919	188012	189308	
829	246255	376274	187587	189884	
830	246797	375378	188332	189493	
831	246327	375412	187942	190319	
832	247211	375485	187436	189868	
833	246741	375903	187976	189380	
834	246244	376320	187509	189927	
835	246902	375355	188394	189349	
836	246298	375510	187926	190266	
837	247268	375558	187429	189745	
838	246586	375931	188081	189402	
839	246286	376216	187477	190021	
840	246961	375230	188454	189355	
841	246341	375609	187762	190288	
842	247241	375665	187468	189626	
843	246583	375949	188141	189327	
844	246297	376192	187524	189987	
845	246882	375244	188425	189449	
846	246342	375541	187767	190350	
847	247307	375590	187477	189626	
848	246501	376011	188064	189424	
849	246312	376163	187526	189999	
850	246901	375173	188485	189441	
851	246328	375571	187678	190423	
852	247433	375583	187495	189489	
853	246497	376120	188076	189307	
854	246238	376294	187507	189961	
855	246917	375107	188613	189363	
856	246232	375523	187681	190564	
857	247433	375511	187426	189630	
858	246597	376028	188097	189278	
859	246167	376390	187414	190029	
860	246954	375130	188614	189302	
861	246258	375491	187776	190475	
862	247384	375580	187354	189682	
863	246635	376003	188137	189225	
864	246102	376374	187443	190081	
865	247018	375098	188560	189324	
866	246223	375484	187814	190479	
867	247427	375606	187284	189683	
868	246555	376015	188200	189230	
869	246128	376348	187406	190118	
870	247068	375052	188609	189271	
871	246183	375558	187739	190520	
872	247433	375610	187313	189644	
873	246524	375982	188245	189249	
874	246182	376331	187365	190122	
875	247044	375080	188617	189259	
876	246218	375600	187714	190468	
877	247371	375639	187366	189624	
878	246482	375964	188234	189320	
879	246220	376228	187405	190147	
880	247089	375068	188559	189284	
881	246168	375666	187669	190497	
882	247457	375618	187399	189526	
883	246502	375993	188267	189238	
884	246183	376330	187351	190136	
885	247110	375049	188642	189199	
886	246109	375652	187688	190551	
887	247462	375584	187361	189593	
888	246488	375940	188291	189281	
889	246231	376313	187293	190163	
890	247060	375081	188647	189212	
891	246124	375659	187666	190551	
892	247457	375545	187415	189583	
893	246457	375944	188244	189355	
894	246316	376289	187301	190094	
895	247097	375146	188643	189114	
896	246083	375775	187646	190496	
897	247386	375541	187500	189573	
898	246496	375831	188275	189398	
899	246260	376249	187266	190225	
900	247120	375128	188565	189187	
901	246144	375749	187684	190423	
902	247311	375636	187444	189609	
903	246453	375826	188305	189416	
904	246324	376130	187331	190215	
905	247032	375144	188495	189329	
906	246191	375724	187635	190450	
907	247392	375595	187509	189504	
908	246495	375951	188215	189339	
909	246246	376248	187380	190126	
910	246991	375109	188571	189329	
911	246288	375609	187677	190426	
912	247432	375646	187432	189490	
913	246459	376081	188177	189283	
914	246176	376260	187469	190095	
915	246994	375000	188612	189394	
916	246270	375527	187648	190555	
917	247470	375625	187352	189553	
918	246435	376101	188175	189289	
919	246290	376273	187450	189987	
920	246827	375090	188651	189432	
921	246332	375480	187622	190566	
922	247496	375532	187468	189504	
923	246422	376203	188012	189363	
924	246216	376295	187520	189969	
925	246927	375011	188683	189379	
926	246291	375511	187612	190586	
927	247502	375584	187399	189515	
928	246487	376161	188112	189240	
929	246113	376361	187472	190054	
930	247038	374969	188689	189304	
931	246187	375517	187672	190624	
932	247620	375592	187297	189491	
933	246489	376176	188220	189115	
934	246082	376482	187372	190064	
935	246945	374941	188804	189310	
936	246311	375392	187678	190619	
937	247502	375624	187263	189611	
938	246534	376181	188129	189156	
939	246050	376408	187495	190047	
940	247056	374962	188686	189296	
941	246188	375483	187722	190607	
942	247483	375614	187240	189663	
943	246584	376044	188243	189129	
944	246010	376443	187371	190176	
945	247062	374958	188673	189307	
946	246156	375437	187770	190637	
947	247592	375586	187188	189634	
948	246539	376116	188249	189096	
949	246049	376505	187337	190109	
950	247000	374965	188779	189256	
951	246208	375425	187726	190641	
952	247666	375581	187239	189514	
953	246394	376248	188186	189172	
954	246126	376430	187395	190049	
955	247019	374885	188853	189243	
956	246144	375514	187577	190765	
957	247694	375535	187308	189463	
958	246370	376205	188206	189219	
959	246186	376429	187329	190056	
960	246908	374930	188876	189286	
961	246258	375461	187553	190728	
962	247672	375529	187377	189422	
963	246393	376307	188084	189216	
964	246117	376441	187445	189997	
965	246882	374882	188862	189374	
966	246327	375369	187579	190725	
967	247613	375578	187303	189506	
968	246400	376310	188066	189224	
969	246152	376377	187512	189959	
970	246857	374920	188798	189425	
971	246282	375382	187579	190757	
972	247685	375512	187341	189462	
973	246413	376345	188041	189201	
974	246170	376468	187471	189891	
975	246871	374952	188874	189303	
976	246230	375411	187594	190765	
977	247625	375463	187358	189554	
978	246532	376222	188053	189193	
979	246118	376529	187410	189943	
980	246938	375021	188812	189229	
981	246162	375429	187717	190692	
982	247645	375473	187304	189578	
983	246485	376174	188125	189216	
984	246093	376500	187348	190059	
985	246929	374950	188826	189295	
986	246243	375389	187674	190694	
987	247530	375540	187276	189654	
988	246547	376146	188113	189194	
989	246186	376450	187427	189937	
990	246888	375103	188719	189290	
991	246172	375447	187731	190650	
992	247615	375426	187372	189587	
993	246498	376155	188075	189272	
994	246165	376493	187351	189991	
995	246968	375037	188804	189191	
996	246093	375502	187689	190716	
997	247684	375432	187348	189536	
998	246520	376143	188154	189183	