%Iteration	Healthy	Infected_1	Infected_2	Dead	
%pHIV=	0.0005	; pINF=	[974, 100000000]	

0	999500	500	0	0	
1	991199	8801	0	0	
2	956144	43856	0	0	
3	884019	107180	8801	0	
4	772218	183926	35055	8801	
5	638323	254414	72125	35138	
6	521252	294471	111801	72476	
7	453813	291075	142613	112499	
8	455930	248510	151858	143702	
9	524373	183182	139217	153228	
10	630751	119173	109293	140783	
11	744124	71308	73889	110679	
12	839161	40543	45284	75012	
13	904680	23261	26024	46035	
14	944501	14536	14519	26444	
15	965927	10559	8742	14772	
16	975752	9545	5794	8909	
17	978856	10492	4765	5887	
18	977722	12666	4780	4832	
19	974286	15169	5712	4833	
20	969346	17948	6954	5752	
21	963978	20804	8215	7003	
22	958198	23774	9733	8295	
23	952181	26937	11071	9811	
24	946163	29952	12703	11182	
25	939813	33153	14234	12800	
26	933219	36678	15718	14385	
27	926518	40187	17435	15860	
28	920036	43137	19243	17584	
29	913714	45915	20944	19427	
30	907806	48846	22193	21155	
31	902076	51816	23722	22386	
32	897118	53830	25124	23928	
33	893225	54722	26692	25361	
34	890002	55927	27138	26933	
35	887596	57404	27584	27416	
36	886437	57332	28343	27888	
37	886773	55520	29061	28646	
38	887837	54535	28271	29357	
39	891066	53133	27249	28552	
40	895361	49814	27286	27539	
41	898974	47623	25847	27556	
42	902785	47102	23967	26146	
43	905334	46784	23656	24226	
44	905937	46689	23446	23928	
45	906224	46776	23338	23662	
46	905999	47110	23351	23540	
47	905241	47751	23425	23583	
48	904035	48637	23685	23643	
49	902247	49779	24066	23908	
50	899947	51169	24571	24313	
51	897222	52751	25208	24819	
52	895313	53261	25961	25465	
53	892973	54039	26790	26198	
54	890234	56242	26471	27053	
55	887642	58034	27568	26756	
56	884307	59201	28674	27818	
57	882119	59561	29360	28960	
58	882954	57577	29841	29628	
59	883527	56612	29720	30141	
60	883512	58596	27857	30035	
61	882249	60873	28755	28123	
62	877444	63685	29841	29030	
63	872513	66330	31032	30125	
64	869154	66847	32653	31346	
65	865041	68300	33677	32982	
66	861559	71276	33170	33995	
67	856858	74485	35130	33527	
68	849349	79048	36146	35457	
69	841091	84059	38339	36511	
70	833105	87509	40709	38677	
71	825467	90083	43350	41100	
72	816942	95142	44159	43757	
73	807843	101596	45924	44637	
74	797176	107169	49218	46437	
75	787776	110204	52378	49642	
76	779308	113059	54791	52842	
77	774415	114888	55413	55284	
78	769500	116833	57646	56021	
79	763410	121168	57242	58180	
80	758502	124118	59591	57789	
81	751297	126981	61577	60145	
82	743781	131449	62541	62229	
83	735971	136484	64440	63105	
84	726435	141465	67009	65091	
85	715565	147311	69475	67649	
86	704617	153206	71990	70187	
87	692660	159337	75321	72682	
88	679414	166654	77885	76047	
89	665202	174692	81452	78654	
90	649601	182976	85202	82221	
91	634407	190095	89490	86008	
92	618132	198004	93486	90378	
93	602336	206691	96609	94364	
94	585803	215280	101395	97522	
95	568075	224249	105296	102380	
96	551123	232585	109984	106308	
97	531802	242906	114265	111027	
98	515121	251172	118320	115387	
99	497363	258609	124586	119442	
100	479140	268507	126586	125767	
101	464972	275139	132023	127866	
102	451129	279101	136484	133286	
103	440196	283378	138655	137771	
104	430111	289436	140446	140007	
105	418201	297007	142932	141860	
106	407747	301363	146504	144386	
107	399557	301988	150503	147952	
108	391685	305420	150860	152035	
109	383758	312758	151128	152356	
110	372106	320920	154292	152682	
111	361768	323967	158466	155799	
112	352645	324869	162454	160032	
113	345298	329132	161513	164057	
114	337646	335810	163356	163188	
115	326329	342875	165776	165020	
116	318626	343935	170034	167405	
117	311768	343728	172841	171663	
118	306793	347572	171094	174541	
119	300326	354187	172634	172853	
120	290340	360348	174938	174374	
121	286321	357692	179249	176738	
122	283643	354253	181099	181005	
123	283069	357469	176593	182869	
124	280348	363511	177660	178481	
125	272030	368704	179809	179457	
126	269208	365442	183702	181648	
127	267716	361733	185002	185549	
128	268076	364544	180440	186940	
129	266295	370103	181293	182309	
130	258593	374989	183251	183167	
131	256626	371464	186852	185058	
132	255928	367234	188137	188701	
133	257528	369067	183327	190078	
134	257109	373822	183907	185162	
135	250311	378736	185160	185793	
136	249117	375198	188662	187023	
137	248835	370532	190074	190559	
138	251431	371493	185124	191952	
139	251756	375858	185408	186978	
140	245599	381076	186085	187240	
141	244491	377741	189773	187995	
142	245143	371941	191303	191613	
143	248747	371653	186438	193162	
144	250270	375916	185503	188311	
145	245363	381068	186150	187419	
146	244455	377697	189766	188082	
147	245093	371892	191302	191713	
148	248774	371631	186395	193200	
149	250135	375954	185497	188414	
150	245436	381002	186134	187428	
151	244492	377661	189820	188027	
152	245060	372021	191182	191737	
153	248749	371640	186479	193132	
154	250136	375883	185542	188439	
155	245519	380952	186098	187431	
156	244469	377724	189785	188022	
157	245102	372080	191167	191651	
158	248738	371669	186557	193036	
159	250073	375922	185523	188482	
160	245522	380899	186146	187433	
161	244455	377703	189776	188066	
162	245136	372108	191123	191633	
163	248575	371740	186580	193105	
164	250153	375841	185528	188478	
165	245560	380823	186212	187405	
166	244448	377801	189629	188122	
167	245243	372090	191194	191473	
168	248415	371755	186607	193223	
169	250216	375710	185483	188591	
170	245714	380684	186272	187330	
171	244402	378005	189438	188155	
172	245198	372219	191246	191337	
173	248380	371707	186759	193154	
174	250195	375673	185460	188672	
175	245698	380662	186247	187393	
176	244463	377972	189426	188139	
177	245209	372239	191236	191316	
178	248328	371767	186736	193169	
179	250189	375637	185503	188671	
180	245738	380632	186264	187366	
181	244425	378066	189373	188136	
182	245205	372300	191259	191236	
183	248275	371772	186807	193146	
184	250258	375608	185493	188641	
185	245737	380637	186279	187347	
186	244406	378108	189329	188157	
187	245236	372267	191308	191189	
188	248152	371767	186800	193281	
189	250255	375516	185467	188762	
190	245808	380526	186300	187366	
191	244400	378155	189216	188229	
192	245329	372277	191310	191084	
193	248062	371827	186845	193266	
194	250279	375529	185432	188760	
195	245811	380464	186395	187330	
196	244421	378202	189134	188243	
197	245290	372342	191330	191038	
198	248040	371817	186872	193271	
199	250265	375440	185470	188825	
200	245910	380414	186347	187329	
201	244434	378274	189093	188199	
202	245293	372415	191321	190971	
203	248055	371781	186953	193211	
204	250246	375405	185462	188887	
205	246039	380380	186319	187262	
206	244313	378393	189086	188208	
207	245274	372484	191294	190948	
208	247973	371698	187099	193230	
209	250302	375313	185385	189000	
210	246048	380306	186313	187333	
211	244465	378385	189000	188150	
212	245284	372559	191306	190851	
213	247878	371818	187079	193225	
214	250191	375297	185480	189032	
215	246175	380192	186338	187295	
216	244390	378467	188959	188184	
217	245201	372691	191233	190875	
218	247906	371721	187234	193139	
219	250102	375244	185457	189197	
220	246182	380183	186264	187371	
221	244418	378452	188980	188150	
222	245182	372745	191203	190870	
223	247966	371750	187249	193035	