%Iteration	Healthy	Infected_1	Infected_2	Dead	
%pHIV=	[5, 10000]	; pINF=	[1, 100000]	

0	999512	488	0	0	
1	991271	8729	0	0	
2	955575	44425	0	0	
3	878719	121281	0	0	
4	755379	244621	0	0	
5	594128	397143	8729	0	
6	417612	537963	35696	8729	
7	264926	622445	76856	35773	
8	178909	620572	123340	77179	
9	179480	535154	161251	124115	
10	263691	397347	176516	162446	
11	409479	251096	161338	178087	
12	581323	134066	121467	163144	
13	741657	59400	75833	123110	
14	862511	21734	38709	77046	
15	936653	8723	15087	39537	
16	972137	7944	4437	15482	
17	981694	12553	1167	4586	
18	977793	19958	1043	1206	
19	967300	29569	2076	1055	
20	952864	41389	3658	2089	
21	935184	55360	5776	3680	
22	914647	71109	8448	5796	
23	891417	88394	11687	8502	
24	865900	106850	15478	11772	
25	838630	126018	19747	15605	
26	810136	145773	24197	19894	
27	781960	164662	28972	24406	
28	754484	182378	33934	29204	
29	728670	198209	38915	34206	
30	705831	210973	43952	39244	
31	686994	220775	47861	44370	
32	673430	226608	51650	48312	
33	665160	227984	54746	52110	
34	661943	226077	56716	55264	
35	663438	221607	57663	57292	
36	667890	216355	57483	58272	
37	673775	212028	56122	58075	
38	680747	207740	54809	56704	
39	686543	204924	53193	55340	
40	691237	202809	52231	53723	
41	695358	200064	51795	52783	
42	699520	197655	50521	52304	
43	703389	195210	50377	51024	
44	706224	192783	50116	50877	
45	709004	191317	49050	50629	
46	710562	191745	48112	49581	
47	712301	191186	47932	48581	
48	711160	192713	47689	48438	
49	707693	196533	47584	48190	
50	701532	201869	48540	48059	
51	692438	211151	47373	49038	
52	681267	221660	49216	47857	
53	665706	233214	51404	49676	
54	648609	245600	53876	51915	
55	630024	258901	56655	54420	
56	610244	272801	59725	57230	
57	590101	286644	62958	60297	
58	569385	300778	66262	63575	
59	548931	314236	69956	66877	
60	528543	327183	73625	70649	
61	508551	340343	76801	74305	
62	489047	353009	80396	77548	
63	469718	365674	83414	81194	
64	451435	377771	86572	84222	
65	434258	388370	89961	87411	
66	417767	398355	93062	90816	
67	402691	407225	96079	94005	
68	387068	417221	98669	97042	
69	371757	428025	100560	99658	
70	355321	440067	103047	101565	
71	336704	454260	104949	104087	
72	319083	466254	108665	105998	
73	300748	478127	111364	109761	
74	281730	490770	115089	112411	
75	260949	503700	119142	116209	
76	242849	516197	120659	120295	
77	225482	529402	123237	121879	
78	208260	539537	127732	124471	
79	199506	539453	132072	128969	
80	193340	540131	133156	133373	
81	187052	542083	136442	134423	
82	177183	547146	137867	137804	
83	167990	560735	131988	139287	
84	156630	576153	133834	133383	
85	139471	586982	138394	135153	
86	138277	578954	142930	139839	
87	141905	568168	145577	144350	
88	145504	558217	149252	147027	
89	147521	552589	149223	150667	
90	150506	563885	134902	150707	
91	150003	578774	134791	136432	
92	135588	588984	139301	136127	
93	135097	580682	143595	140626	
94	139448	569383	146198	144971	
95	143763	558987	149680	147570	
96	146281	553083	149511	151125	
97	149772	563908	135293	151027	
98	149660	578621	134899	136820	
99	135578	588837	139284	136301	
100	135055	580642	143607	140696	
101	139502	569410	146118	144970	
102	143728	559110	149612	147550	
103	146302	553152	149500	151046	
104	149741	563846	135412	151001	
105	149736	578497	134886	136881	
106	135680	588720	139312	136288	
107	135109	580677	143542	140672	
108	139529	569493	146106	144872	
109	143580	559295	149537	147588	
110	146290	553154	149535	151021	
111	149704	563755	135499	151042	
112	149729	578341	134922	137008	
113	135830	588535	139339	136296	
114	135148	580790	143394	140668	
115	139447	569668	146100	144785	
116	143525	559435	149508	147532	
117	146204	553248	149533	151015	
118	149625	563627	135649	151099	
119	149769	578084	134978	137169	
120	135966	588396	139275	136363	
121	135183	580857	143346	140614	
122	139339	569862	146028	144771	
123	143376	559618	149435	147571	
124	146229	553248	149587	150936	
125	149654	563508	135807	151031	
126	149676	577967	135033	137324	
127	136065	588289	139191	136455	
128	135178	580996	143217	140609	
129	139355	569979	146067	144599	
130	143253	559711	149492	147544	
131	146146	553320	149513	151021	
132	149722	563413	135924	150941	
133	149567	577965	135050	137418	
134	136190	588173	139224	136413	
135	135143	581125	143122	140610	
136	139312	570139	146017	144532	
137	143198	559746	149602	147454	
138	146101	553411	149432	151056	
139	149606	563317	136074	151003	
140	149591	577777	135031	137601	
141	136316	588022	139209	136453	
142	135248	581089	143097	140566	
143	139296	570194	145980	144530	
144	143177	559832	149491	147500	
145	146206	553397	149454	150943	
146	149628	563271	136164	150937	
147	149574	577641	135085	137700	
148	136448	587918	139129	136505	
149	135300	581185	143019	140496	
150	139202	570286	146038	144474	
151	143216	559880	149455	147449	
152	146134	553547	149406	150913	
153	149531	563248	136286	150935	
154	149566	577496	135139	137799	
155	136517	587868	139049	136566	
156	135341	581172	143073	140414	
157	139191	570390	145987	144432	
158	143111	560045	149387	147457	
159	146129	553610	149421	150840	
160	149501	563245	136377	150877	
161	149504	577442	135205	137849	
162	136602	587796	139042	136560	
163	135380	581291	142986	140343	
164	139059	570512	146012	144417	
165	143164	560006	149402	147428	
166	146131	553577	149396	150896	
167	149561	563032	136481	150926	
168	149635	577186	135233	137946	
169	136754	587751	138896	136599	
170	135416	581374	142967	140243	
171	139050	570695	145936	144319	
172	143053	560217	149387	147343	
173	146037	553653	149461	150849	
174	149464	562945	136590	151001	
175	149649	577011	135257	138083	
176	136888	587609	138909	136594	
177	135299	581474	142897	140330	
178	139004	570788	145882	144326	
179	143090	560346	149323	147241	
180	145844	553797	149507	150852	
181	149418	562754	136762	151066	
182	149713	576849	135196	138242	
183	136957	587563	138881	136599	
184	135330	581457	142958	140255	
185	138929	570952	145719	144400	
186	143040	560467	149291	147202	
187	145810	553790	149595	150805	
188	149397	562620	136852	151131	
189	149779	576669	135214	138338	
190	137048	587518	138806	136628	
191	135438	581525	142918	140119	
192	138860	571160	145682	144298	
193	142983	560629	149263	147125	
194	145746	553827	149655	150772	
195	149409	562533	136925	151133	
196	149729	576517	135317	138437	
197	137135	587424	138732	136709	
198	135415	581617	142853	140115	
199	138767	571306	145631	144296	
200	142993	560656	149301	147050	
201	145723	553891	149639	150747	
202	149336	562455	137046	151163	
203	149751	576363	135320	138566	
204	137327	587348	138651	136674	
205	135447	581687	142874	139992	
206	138698	571405	145610	144287	
207	142988	560770	149228	147014	
208	145664	554014	149636	150686	
209	149266	562356	137213	151165	
210	149698	576184	135328	138790	
211	137578	587176	138593	136653	
212	135393	581763	142880	139964	
213	138606	571492	145555	144347	
214	142990	560834	149156	147020	
215	145634	554121	149585	150660	
216	149239	562174	137467	151120	
217	149818	576020	135284	138878	
218	137556	587248	138498	136698	
219	135383	581834	142872	139911	
220	138650	571604	145520	144226	
221	142864	561011	149130	146995	
222	145697	554030	149726	150547	
223	149148	562180	137458	151214	
224	149772	575952	135290	138986	
225	137645	587103	138537	136715	
226	135424	581902	142745	139929	
227	138623	571627	145608	144142	
228	142753	561110	149062	147075	
229	145726	554076	149688	150510	
230	149129	562160	137544	151167	
231	149780	575876	135333	139011	
232	137690	587031	138545	136734	
233	135445	581976	142654	139925	
234	138657	571687	145628	144028	
235	142725	561183	149049	147043	
236	145735	554084	149700	150481	
237	149105	562100	137599	151196	
238	149756	575757	135339	139148	
239	137907	586868	138545	136680	
240	135438	582065	142601	139896	
241	138575	571795	145615	144015	
242	142712	561285	148996	147007	
243	145646	554254	149656	150444	
244	149085	562012	137798	151105	
245	149676	575669	135345	139310	
246	138062	586760	138486	136692	
247	135431	582094	142625	139850	
248	138540	571855	145556	144049	
249	142717	561257	149002	147024	
250	145700	554280	149577	150443	
251	149094	561913	137959	151034	
252	149594	575585	135317	139504	
253	138183	586705	138404	136708	
254	135384	582186	142600	139830	
255	138535	571896	145592	143977	
256	142621	561369	148989	147021	
257	145652	554356	149524	150468	
258	149023	561832	138081	151064	
259	149708	575441	135302	139549	
260	138212	586574	138462	136752	
261	135454	582192	142511	139843	
262	138482	572007	145557	143954	
263	142623	561473	148911	146993	
264	145669	554406	149595	150330	
265	149009	561837	138129	151025	
266	149659	575371	135372	139598	
267	138266	586563	138377	136794	
268	135528	582194	142528	139750	
269	138502	572046	145560	143892	
270	142556	561537	148906	147001	
271	145594	554427	149569	150410	
272	149006	561769	138159	151066	
273	149666	575256	135412	139666	
274	138401	586421	138397	136781	
275	135531	582290	142459	139720	
276	138420	572240	145501	143839	
277	142521	561685	148899	146895	
278	145489	554564	149562	150385	
279	149006	561636	138328	151030	
280	149634	575087	135451	139828	
281	138578	586265	138344	136813	
282	135491	582303	142441	139765	
283	138514	572304	145400	143782	
284	142412	561813	148902	146873	
285	145502	554602	149522	150374	
286	148970	561520	138479	151031	
287	149661	574996	135401	139942	
288	138683	586135	138411	136771	
289	135433	582405	142311	139851	
290	138582	572350	145397	143671	
291	142295	561957	148877	146871	
292	145480	554576	149550	150394	
293	149094	561370	138581	150955	
294	149469	575018	135342	140171	
295	138848	585898	138484	136770	
296	135544	582452	142169	139835	
297	138518	572511	145375	143596	
298	142184	561940	148990	146886	
299	145470	554669	149364	150497	
300	149135	561295	138723	150847	
301	149434	574911	135434	140221	
302	138905	585835	138419	136841	
303	135541	582550	142093	139816	
304	138522	572648	145349	143481	
305	142149	562030	149050	146771	
306	145328	554747	149343	150582	
307	149240	561180	138808	150772	
308	149412	574872	135447	140269	
309	138862	585783	138432	136923	
310	135662	582512	142060	139766	
311	138449	572835	145241	143475	
312	142171	562056	149139	146634	
313	145220	554793	149343	150644	
314	149245	561143	138789	150823	
315	149308	574746	135564	140382	
316	139041	585612	138360	136987	
317	135649	582496	142080	139775	
318	138498	572903	145139	143460	
319	142160	562119	149167	146554	
320	145219	554959	149226	150596	
321	149159	561113	138964	150764	
322	149351	574619	135546	140484	
323	139200	585492	138383	136925	
324	135647	582540	142066	139747	
325	138449	572983	145118	143450	
326	142164	562288	149052	146496	
327	145154	555121	149256	150469	
328	149035	561078	139114	150773	
329	149414	574443	135561	140582	
330	139243	585410	138357	136990	
331	135790	582475	142089	139646	
332	138305	573099	145071	143525	
333	142219	562388	148926	146467	
334	145134	555164	149324	150378	
335	148947	561050	139154	150849	
336	149517	574178	135695	140610	
337	139340	585375	138215	137070	
338	135829	582506	142100	139565	
339	138296	573199	145040	143465	
340	142092	562583	148823	146502	
341	145119	555189	149412	150280	
342	148952	560984	139231	150833	
343	149418	574106	135733	140743	
344	139442	585216	138207	137135	
345	135861	582547	142018	139574	
346	138248	573303	145026	143423	
347	142063	562607	148855	146475	
348	145061	555272	149317	150350	
349	148934	560888	139349	150829	
350	149441	573941	135782	140836	
351	139543	585140	138159	137158	
352	135924	582633	141982	139461	
353	138131	573516	144965	143388	
354	142009	562724	148835	146432	
355	145066	555273	149358	150303	
356	148897	560744	139475	150884	
357	149429	573691	135848	141032	
358	139711	584984	138043	137262	
359	135971	582711	141907	139411	
360	138096	573662	144946	143296	
361	142014	562870	148795	146321	
362	144940	555456	149336	150268	
363	148798	560668	139634	150900	
364	149474	573467	135897	141162	
365	139877	584833	138003	137287	
366	135982	582713	141922	139383	
367	138038	573781	144846	143335	
368	142023	563042	148696	146239	
369	144904	555613	149369	150114	
370	148715	560618	139802	150865	
371	149469	573304	135914	141313	
372	139942	584728	137957	137373	
373	136119	582652	141940	139289	
374	137967	573866	144807	143360	
375	142023	563144	148600	146233	
376	144930	555677	149381	150012	
377	148625	560650	139864	150861	
378	149376	573179	136021	141424	
379	140161	584589	137878	137372	
380	136091	582759	141914	139236	
381	137903	573926	144837	143334	
382	142067	563183	148550	146200	
383	144834	555867	149288	150011	
384	148589	560523	140084	150804	
385	149362	573000	136004	141634	
386	140322	584452	137807	137419	
387	136069	582711	141972	139248	
388	137948	573951	144740	143361	
389	142096	563310	148481	146113	
390	144747	556034	149259	149960	
391	148557	560480	140231	150732	
392	149295	572967	135980	141758	
393	140469	584330	137840	137361	
394	136115	582745	141983	139157	
395	137877	574102	144677	143344	
396	141954	563451	148467	146128	
397	144744	556128	149203	149925	
398	148511	560408	140398	150683	
399	149254	572811	136034	141901	
400	140547	584147	137816	137490	
401	136129	582745	141880	139246	
402	137978	574108	144678	143236	
403	141963	563558	148437	146042	
404	144635	556296	149152	149917	
405	148484	560376	140478	150662	
406	149265	572744	136041	141950	
407	140656	584028	137887	137429	
408	136161	582720	141890	139229	
409	137911	574245	144558	143286	
410	141985	563670	148409	145936	
411	144577	556398	149171	149854	
412	148446	560328	140582	150644	
413	149233	572597	136083	142087	
414	140782	583908	137834	137476	
415	136160	582711	141899	139230	
416	137877	574283	144512	143328	
417	142005	563717	148352	145926	
418	144494	556476	149145	149885	
419	148438	560180	140702	150680	
420	149214	572432	136084	142270	
421	140992	583760	137786	137462	
422	136147	582777	141904	139172	
423	137888	574453	144406	143253	
424	141839	563931	148336	145894	
425	144505	556588	149114	149793	
426	148392	560085	140921	150602	
427	149193	572304	136082	142421	
428	141054	583590	137814	137542	
429	136234	582800	141771	139195	
430	137970	574545	144418	143067	
431	141722	564137	148301	145840	
432	144545	556681	149100	149674	
433	148208	560156	140981	150655	
434	149165	572134	136163	142538	
435	141204	583320	137893	137583	
436	136273	582796	141644	139287	
437	137989	574534	144456	143021	
438	141704	564316	148141	145839	
439	144449	556862	149079	149610	
440	148142	560110	141120	150628	
441	149201	571969	136194	142636	
442	141279	583168	137923	137630	
443	136296	582738	141625	139341	
444	138030	574582	144368	143020	
445	141653	564487	148053	145807	
446	144506	556943	149122	149429	
447	148000	560175	141195	150630	
448	149146	571906	136212	142736	
449	141321	583026	137958	137695	
450	136329	582686	141578	139407	
451	138106	574513	144427	142954	
452	141616	564603	147943	145838	
453	144425	557081	149078	149416	
454	147977	560207	141238	150578	
455	149209	571868	136254	142669	
456	141329	582978	138033	137660	
457	136300	582688	141556	139456	
458	138139	574541	144364	142956	
459	141555	564699	147915	145831	
460	144451	557036	149143	149370	
461	147994	560154	141266	150586	
462	149209	571848	136217	142726	
463	141373	582905	138073	137649	
464	136329	582729	141480	139462	
465	138212	574579	144384	142825	
466	141458	564790	147911	145841	
467	144438	557049	149130	149383	
468	147977	560112	141304	150607	
469	149198	571776	136234	142792	
470	141422	582770	138122	137686	
471	136370	582740	141389	139501	
472	138098	574683	144367	142852	
473	141506	564812	147898	145784	
474	144411	557119	149116	149354	
475	147952	560090	141359	150599	
476	149242	571642	136310	142806	
477	141480	582777	138027	137716	
478	136382	582763	141423	139432	
479	138077	574744	144330	142849	
480	141469	564879	147862	145790	
481	144415	557116	149162	149307	
482	147895	560040	141409	150656	
483	149262	571561	136311	142866	
484	141501	582767	137997	137735	
485	136411	582818	141399	139372	
486	138053	574823	144333	142791	
487	141391	564971	147832	145806	
488	144394	557090	149203	149313	
489	147851	559961	141450	150738	
490	149319	571398	136338	142945	
491	141608	582673	137980	137739	
492	136470	582895	141322	139313	
493	137951	574990	144321	142738	
494	141407	565100	147775	145718	
495	144382	557185	149255	149178	
496	147780	559964	141544	150712	
497	149293	571254	136416	143037	
498	141698	582584	137885	137833	
499	136467	582901	141340	139292	
500	137919	574981	144323	142777	
501	141373	565134	147706	145787	
502	144346	557212	149215	149227	
503	147829	559824	141657	150690	
504	149230	571177	136403	143190	
505	141871	582468	137859	137802	
506	136476	582990	141293	139241	
507	137946	575134	144269	142651	
508	141226	565262	147756	145756	
509	144426	557274	149150	149150	
510	147729	559817	141815	150639	
511	149212	571062	136413	143313	
512	141986	582340	137884	137790	
513	136393	583107	141162	139338	
514	137962	575084	144358	142596	
515	141261	565323	147658	145758	
516	144357	557366	149162	149115	
517	147682	559731	141929	150658	
518	149213	571011	136335	143441	
519	142025	582265	137897	137813	
520	136525	583022	141205	139248	
521	138019	575167	144294	142520	
522	141187	565485	147615	145713	
523	144334	557472	149151	149043	
524	147599	559775	141962	150664	
525	149268	570854	136439	143439	
526	142094	582117	137933	137856	
527	136505	583008	141138	139349	
528	138021	575186	144265	142528	
529	141209	565604	147518	145669	
530	144270	557558	149196	148976	
531	147546	559740	142029	150685	
532	149283	570777	136443	143497	
533	142179	582051	137936	137834	
534	136497	583031	141150	139322	
535	137964	575261	144211	142564	
536	141180	565690	147480	145650	
537	144210	557603	149210	148977	
538	147483	559625	142130	150762	
539	149293	570614	136441	143652	
540	142259	581949	137909	137883	
541	136546	583030	141123	139301	
542	137978	575368	144152	142502	
543	141109	565870	147430	145591	
544	144216	557686	149244	148854	
545	147394	559640	142204	150762	
546	149311	570483	136490	143716	
547	142299	581812	137932	137957	
548	136599	583007	141060	139334	
549	137959	575395	144158	142488	
550	141172	565957	147333	145538	
551	144062	557808	149261	148869	
552	147467	559559	142255	150719	
553	149324	570431	136546	143699	
554	142318	581798	137895	137989	
555	136604	582956	141112	139328	
556	138013	575506	144006	142475	
557	141130	566052	147418	145400	
558	143986	557868	149262	148884	
559	147474	559529	142270	150727	
560	149254	570392	136556	143798	
561	142410	581626	137964	138000	
562	136683	582915	141078	139324	
563	138026	575619	143931	142424	
564	141113	566165	147419	145303	
565	143819	558019	149198	148964	
566	147477	559418	142367	150738	
567	149299	570212	136635	143854	
568	142493	581490	137965	138052	
569	136775	582881	141052	139292	
570	138014	575840	143766	142380	
571	140986	566357	147429	145228	
572	143820	558033	149243	148904	
573	147508	559355	142443	150694	
574	149294	570085	136725	143896	
575	142381	581383	137946	138290	
576	137013	582800	140919	139268	
577	137939	576009	143765	142287	
578	140877	566443	147455	145225	
579	143825	558014	149244	148917	
580	147468	559452	142336	150744	
581	149297	569889	136974	143840	
582	142403	581248	137889	138460	
583	137165	582799	140815	139221	
584	137954	576136	143774	142136	
585	140771	566633	147411	145185	
586	143777	558119	149248	148856	
587	147434	559491	142366	150709	
588	149209	569761	137111	143919	
589	142553	580995	137908	138544	
590	137278	582763	140734	139225	
591	137919	576253	143738	142090	
592	140686	566745	147381	145188	
593	143783	558235	149142	148840	
594	147414	559464	142502	150620	
595	149179	569585	137228	144008	
596	142627	580837	137873	138663	
597	137303	582783	140632	139282	
598	137949	576315	143731	142005	
599	140640	566881	147349	145130	
600	143699	558353	149125	148823	
601	147372	559425	142578	150625	
602	149176	569478	137263	144083	
603	142736	580686	137915	138663	
604	137257	582789	140597	139357	
605	138016	576355	143650	141979	
606	140553	567025	147316	145106	
607	143699	558417	149123	148761	
608	147357	559373	142700	150570	
609	149092	569464	137216	144228	
610	142816	580530	137986	138668	
611	137381	582791	140515	139313	
612	137978	576482	143656	141884	
613	140520	567114	147307	145059	
614	143644	558535	149052	148769	
615	147232	559363	142776	150629	
616	149129	569205	137347	144319	
617	142991	580348	137939	138722	
618	137376	582839	140473	139312	
619	137974	576572	143604	141850	
620	140502	567325	147189	144984	
621	143636	558706	149082	148576	
622	147165	559340	142964	150531	
623	149003	569120	137337	144540	
624	143182	580134	137942	138742	
625	137410	582820	140463	139307	
626	137904	576602	143598	141896	
627	140477	567350	147117	145056	
628	143628	558823	148956	148593	
629	147150	559250	143149	150451	
630	149074	568975	137380	144571	
631	143183	580145	137865	138807	
632	137494	582868	140429	139209	
633	137862	576753	143576	141809	
634	140493	567463	147105	144939	
635	143579	558875	149035	148511	
636	147031	559270	143152	150547	
637	148990	568802	137461	144747	
638	143340	579939	137815	138906	
639	137578	582802	140447	139173	
640	137757	576806	143547	141890	
641	140534	567537	146993	144936	
642	143553	559078	148952	148417	
643	146945	559288	143310	150457	
644	149029	568638	137551	144782	
645	143377	579902	137724	138997	
646	137621	582753	140493	139133	
647	137733	576821	143520	141926	
648	140595	567619	146901	144885	
649	143462	559178	148988	148372	
650	146837	559264	143344	150555	
651	149138	568479	137588	144795	
652	143414	579856	137699	139031	
653	137670	582689	140547	139094	
654	137753	576909	143430	141908	
655	140631	567819	146803	144747	
656	143317	559338	149076	148269	
657	146837	559242	143380	150541	
658	149051	568395	137650	144904	
659	143469	579690	137713	139128	
660	137751	582521	140595	139133	
661	137834	576952	143284	141930	
662	140562	567940	146803	144695	
663	143339	559462	149008	148191	
664	146756	559347	143426	150471	
665	148947	568365	137715	144973	
666	143566	579482	137791	139161	
667	137792	582496	140530	139182	
668	137818	576948	143311	141923	
669	140520	567999	146733	144748	
670	143348	559585	148908	148159	
671	146692	559364	143544	150400	
672	148926	568260	137763	145051	
673	143575	579375	137784	139266	
674	137912	582430	140494	139164	
675	137813	576987	143323	141877	
676	140480	568119	146659	144742	
677	143229	559668	148899	148204	
678	146745	559316	143549	150390	
679	148928	568140	137880	145052	
680	143655	579220	137791	139334	
681	137916	582404	140448	139232	
682	137799	577095	143197	141909	
683	140515	568155	146704	144626	
684	143194	559762	148871	148173	
685	146817	559295	143632	150256	
686	148759	568198	137888	145155	
687	143737	579164	137764	139335	
688	138008	582395	140478	139119	
689	137753	577208	143165	141874	
690	140449	568151	146791	144609	
691	143216	559836	148730	148218	
692	146761	559306	143709	150224	
693	148842	568052	137978	145128	
694	143725	579130	137734	139411	
695	138010	582410	140415	139165	
696	137859	577218	143179	141744	
697	140443	568323	146724	144510	
698	143036	559922	148812	148230	
699	146723	559243	143695	150339	
700	148867	567954	137987	145192	
701	143816	578962	137829	139393	
702	138003	582345	140411	139241	
703	137804	577308	143016	141872	
704	140495	568386	146698	144421	
705	142973	560010	148837	148180	
706	146773	559167	143794	150266	
707	148761	567935	137979	145325	
708	143921	578891	137776	139412	
709	138074	582337	140461	139128	
710	137769	577431	142951	141849	
711	140460	568426	146747	144367	
712	143005	560123	148732	148140	
713	146642	559197	143907	150254	
714	148809	567767	138045	145379	
715	143993	578803	137742	139462	
716	138058	582351	140429	139162	
717	137860	577406	142981	141753	
718	140363	568638	146615	144384	
719	142921	560198	148778	148103	
720	146570	559121	143977	150332	
721	148879	567633	138036	145452	
722	144052	578636	137847	139465	
723	138063	582328	140338	139271	
724	137903	577468	142900	141729	
725	140336	568791	146548	144325	
726	142878	560263	148850	148009	
727	146544	559092	144030	150334	
728	148812	567574	138040	145574	
729	144228	578485	137871	139416	
730	138072	582368	140322	139238	
731	137854	577565	142859	141722	
732	140290	568874	146522	144314	
733	142883	560357	148782	147978	
734	146552	559019	144205	150224	
735	148811	567492	138056	145641	
736	144156	578450	137831	139563	
737	138202	582323	140265	139210	
738	137861	577648	142867	141624	
739	140184	568961	146529	144326	
740	142903	560331	148789	147977	
741	146566	559073	144138	150223	
742	148673	567429	138192	145706	
743	144267	578228	137842	139663	
744	138277	582325	140159	139239	
745	137849	577710	142880	141561	
746	140094	568992	146548	144366	
747	142862	560429	148641	148068	
748	146584	559015	144256	150145	
749	148620	567311	138265	145804	
750	144317	578076	137830	139777	
751	138366	582307	140078	139249	
752	137846	577813	142842	141499	
753	140098	569078	146561	144263	
754	142813	560563	148595	148029	
755	146539	559043	144309	150109	
756	148594	567215	138348	145843	
757	144417	577961	137826	139796	
758	138393	582285	140080	139242	
759	137853	577866	142789	141492	
760	140065	569177	146520	144238	
761	142840	560648	148572	147940	
762	146533	559066	144404	149997	
763	148516	567207	138370	145907	
764	144459	577876	137831	139834	
765	138472	582272	140043	139213	
766	137806	577900	142822	141472	
767	140102	569173	146511	144214	
768	142856	560755	148500	147889	
769	146394	559154	144439	150013	
770	148569	567086	138450	145895	
771	144496	577852	137784	139868	
772	138500	582250	140082	139168	
773	137767	577889	142838	141506	
774	140039	569256	146382	144323	
775	142946	560718	148550	147786	
776	146339	559167	144480	150014	
777	148491	567014	138477	146018	
778	144617	577742	137749	139892	
779	138502	582338	140012	139148	
780	137801	577893	142929	141377	
781	139972	569356	146324	144348	
782	142878	560836	148477	147809	
783	146310	559084	144608	149998	
784	148544	566889	138484	146083	
785	144686	577616	137787	139911	
786	138543	582325	139957	139175	
787	137806	577992	142856	141346	
788	139934	569491	146289	144286	
789	142939	560889	148514	147658	
790	146216	559133	144666	149985	
791	148535	566805	138523	146137	
792	144700	577531	137788	139981	
793	138640	582309	139912	139139	
794	137749	578028	142910	141313	
795	139906	569572	146195	144327	
796	142894	560947	148514	147645	
797	146198	559139	144690	149973	
798	148527	566699	138629	146145	
799	144723	577455	137739	140083	
800	138739	582280	139889	139092	
801	137730	578126	142882	141262	
802	139851	569656	146189	144304	
803	142854	561000	148495	147651	
804	146217	559124	144714	149945	
805	148494	566591	138728	146187	
806	144799	577344	137719	140138	
807	138750	582292	139839	139119	
808	137723	578196	142838	141243	
809	139904	569711	146195	144190	
810	142741	561122	148472	147665	
811	146273	559060	144787	149880	
812	148418	566570	138742	146270	
813	144860	577253	137710	140177	
814	138780	582217	139883	139120	
815	137792	578265	142725	141218	
816	139820	569796	146252	144132	
817	142737	561212	148393	147658	
818	146284	559088	144847	149781	
819	148297	566584	138773	146346	
820	144871	577083	137783	140263	
821	138991	582134	139809	139066	
822	137677	578396	142723	141204	
823	139795	569784	146269	144152	
824	142738	561286	148282	147694	
825	146253	559159	144860	149728	
826	148237	566413	138985	146365	
827	144942	576976	137657	140425	
828	139001	582120	139784	139095	
829	137708	578373	142733	141186	
830	139728	569838	146239	144195	
831	142776	561325	148220	147679	
832	146187	559159	144928	149726	
833	148253	566349	138986	146412	
834	144995	576883	137704	140418	
835	138977	582161	139707	139155	
836	137853	578365	142762	141020	
837	139614	570021	146176	144189	
838	142809	561387	148238	147566	
839	146107	559205	144985	149703	
840	148248	566338	138966	146448	
841	144928	576745	137832	140495	
842	139108	582056	139604	139232	
843	137926	578356	142803	140915	
844	139494	570174	146099	144233	
845	142820	561421	148239	147520	
846	146053	559313	144915	149719	
847	148236	566252	139103	146409	
848	144970	576561	137917	140552	
849	139195	582035	139486	139284	
850	137932	578407	142807	140854	
851	139427	570290	146042	144241	
852	142824	561477	148226	147473	
853	146040	559336	144960	149664	
854	148149	566190	139179	146482	
855	145065	576393	137925	140617	
856	139248	582034	139413	139305	
857	137924	578456	142819	140801	
858	139408	570335	146033	144224	
859	142804	561604	148128	147464	
860	145986	559342	145054	149618	
861	148179	566075	139241	146505	
862	145024	576331	137912	140733	
863	139238	581947	139397	139418	
864	138063	578382	142792	140763	
865	139378	570469	145974	144179	
866	142696	561676	148168	147460	
867	145974	559348	145013	149665	
868	148164	566086	139227	146523	
869	145076	576176	138061	140687	
870	139324	581870	139375	139431	
871	138075	578503	142685	140737	
872	139390	570605	145965	144040	
873	142660	561838	148151	147351	
874	145866	559423	145069	149642	
875	148158	565963	139318	146561	
876	145079	576042	138067	140812	
877	139426	581726	139384	139464	
878	138022	578487	142654	140837	
879	139457	570644	145858	144041	
880	142521	561948	148146	147385	
881	145983	559390	145068	149559	
882	148136	565943	139415	146506	
883	145046	576053	138015	140886	
884	139547	581636	139450	139367	
885	138027	578669	142510	140794	
886	139406	570724	145968	143902	
887	142506	562002	148125	147367	
888	145877	559460	145033	149630	
889	148177	565784	139543	146496	
890	145036	575928	138023	141013	
891	139675	581556	139403	139366	
892	137997	578735	142491	140777	
893	139405	570860	145867	143868	
894	142459	562092	148167	147282	
895	145793	559516	145031	149660	
896	148141	565629	139670	146560	
897	145073	575767	137992	141168	
898	139756	581434	139399	139411	
899	138012	578723	142455	140810	
900	139341	570945	145783	143931	
901	142520	562148	148130	147202	
902	145748	559597	145066	149589	
903	148100	565593	139744	146563	
904	145094	575676	138005	141225	
905	139794	581426	139333	139447	
906	138023	578694	142515	140768	
907	139335	570969	145740	143956	
908	142531	562207	148088	147174	
909	145720	559645	145083	149552	
910	148004	565574	139783	146639	
911	145197	575547	138015	141241	
912	139931	581413	139326	139330	
913	137945	578813	142521	140721	
914	139228	571040	145712	144020	
915	142560	562270	147988	147182	
916	145689	559630	145192	149489	
917	148002	565392	139921	146685	
918	145203	575448	137939	141410	
919	140054	581427	139218	139301	
920	137916	578925	142552	140607	
921	139181	571156	145683	143980	
922	142592	562342	147995	147071	
923	145611	559733	145197	149459	
924	147974	565294	140050	146682	
925	145105	575349	137914	141632	
926	140221	581262	139181	139336	
927	138009	578889	142588	140514	
928	139164	571283	145611	143942	
929	142549	562473	147969	147009	
930	145562	559921	145094	149423	
931	147997	565261	140215	146527	
932	145077	575245	138005	141673	
933	140300	581156	139159	139385	
934	138025	578916	142542	140517	
935	139052	571380	145555	144013	
936	142555	562441	147989	147015	
937	145554	559914	145070	149462	
938	147917	565158	140302	146623	
939	145114	575051	138019	141816	
940	140395	581112	139050	139443	
941	137988	578958	142543	140511	
942	139104	571398	145546	143952	
943	142519	562586	147912	146983	
944	145562	559993	145111	149334	
945	147796	565162	140389	146653	
946	145182	574967	137986	141865	
947	140454	581045	139100	139401	
948	137960	578976	142518	140546	
949	139148	571376	145558	143918	
950	142538	562725	147791	146946	
951	145497	560082	145178	149243	
952	147768	565123	140449	146660	
953	145236	574925	137958	141881	
954	140390	581017	139140	139453	
955	138042	578868	142535	140555	
956	139087	571417	145490	144006	
957	142616	562741	147760	146883	
958	145487	560119	145232	149162	
959	147726	565212	140386	146676	
960	145200	574890	138039	141871	
961	140401	581002	139084	139513	
962	138114	578788	142610	140488	
963	139026	571420	145479	144075	
964	142689	562723	147717	146871	
965	145390	560209	145196	149205	
966	147750	565199	140396	146655	
967	145284	574831	138111	141774	
968	140332	581085	139020	139563	
969	138157	578727	142682	140434	
970	139029	571491	145386	144094	
971	142614	562773	147743	146870	
972	145386	560106	145274	149234	
973	147763	565164	140324	146749	
974	145271	574771	138150	141808	
975	140348	581010	139025	139617	
976	138239	578748	142607	140406	
977	138977	571598	145382	144043	
978	142643	562809	147757	146791	
979	145299	560187	145264	149250	
980	147760	565135	140345	146760	
981	145278	574658	138232	141832	
982	140397	580964	138968	139671	
983	138299	578714	142642	140345	
984	138909	571713	145293	144085	
985	142741	562855	147755	146649	
986	145171	560316	145274	149239	
987	147744	565089	140392	146775	
988	145371	574536	138292	141801	
989	140338	581006	138897	139759	
990	138351	578605	142735	140309	
991	138983	571788	145165	144064	
992	142631	563031	147739	146599	
993	145041	560286	145367	149306	
994	147787	564983	140334	146896	
995	145460	574412	138348	141780	
996	140414	580886	138982	139718	
997	138282	578675	142622	140421	
998	139035	571915	145031	144019	
999	142621	563172	147777	146430	
1000	144985	560329	145456	149230	
1001	147728	564898	140411	146963	
1002	145463	574353	138271	141913	
1003	140533	580778	139034	139655	
1004	138301	578696	142613	140390	
1005	139022	572019	144980	143979	
1006	142502	563307	147726	146465	
1007	145003	560346	145459	149192	
1008	147727	564813	140531	146929	
1009	145494	574233	138303	141970	
1010	140597	580711	139014	139678	
1011	138338	578807	142498	140357	
1012	138870	572148	144998	143984	
1013	142551	563293	147723	146433	
1014	144954	560349	145492	149205	
1015	147764	564704	140594	146938	
1016	145451	574119	138339	142091	
1017	140679	580699	138868	139754	
1018	138407	578828	142548	140217	
1019	138858	572285	144949	143908	
1020	142412	563382	147754	146452	
1021	144973	560344	145448	149235	
1022	147726	564632	140677	146965	
1023	145530	573949	138406	142115	
1024	140672	580627	138851	139850	
1025	138413	578890	142410	140287	
1026	138870	572332	144965	143833	
1027	142435	563477	147723	146365	
1028	144893	560384	145529	149194	
1029	147659	564597	140673	147071	
1030	145595	573848	138407	142150	
1031	140699	580575	138868	139858	
1032	138419	578837	142436	140308	
1033	138900	572363	144886	143851	
1034	142453	563600	147658	146289	
1035	144820	560455	145595	149130	
1036	147664	564575	140698	147063	
1037	145622	573829	138412	142137	
1038	140753	580550	138895	139802	
1039	138368	578851	142450	140331	
1040	138945	572400	144818	143837	
1041	142418	563675	147666	146241	
1042	144819	560474	145616	149091	
1043	147632	564538	140751	147079	
1044	145642	573800	138367	142191	
1045	140815	580499	138941	139745	
1046	138355	578891	142415	140339	
1047	138957	572426	144815	143802	
1048	142318	563752	147629	146301	
1049	144802	560428	145640	149130	