%Iteration	Healthy	Infected_1	Infected_2	Dead	
%pHIV=	[5, 10000]	; pINF=	[500, 100000000]	

0	999502	498	0	0	
1	991214	8786	0	0	
2	955992	44008	0	0	
3	882727	108487	8786	0	
4	768743	187249	35222	8786	
5	632236	259186	73265	35313	
6	511844	300553	113984	73619	
7	443345	296715	145202	114738	
8	446634	251643	155351	146372	
9	516948	184866	141364	156822	
10	627992	118798	110279	142931	
11	746506	67189	74587	111718	
12	845184	34810	44211	75795	
13	913477	18579	22978	44966	
14	952627	12085	11832	23456	
15	969987	11199	6747	12067	
16	974380	13410	5338	6872	
17	971409	17321	5861	5409	
18	964318	22221	7549	5912	
19	954877	27739	9772	7612	
20	944288	33415	12449	9848	
21	933982	38175	15290	12553	
22	925285	41192	18125	15398	
23	918222	43469	20050	18259	
24	912093	46525	21142	20240	
25	906124	50206	22327	21343	
26	899195	54058	24198	22549	
27	891674	57896	26008	24422	
28	883634	62076	28050	26240	
29	875997	65851	29846	28306	
30	869780	67875	32230	30115	
31	863416	70420	33621	32543	
32	859708	72074	34254	33964	
33	856751	72502	36166	34581	
34	853560	74017	35908	36515	
35	852231	74892	36594	36283	
36	850481	75167	37423	36929	
37	848680	76055	37469	37796	
38	846865	77607	37698	37830	
39	843878	79667	38357	38098	
40	839769	82234	39250	38747	
41	834759	85204	40417	39620	
42	828906	88493	41817	40784	
43	824064	90321	43387	42228	
44	819258	91851	45106	43785	
45	814758	94498	45215	45529	
46	811216	96495	46636	45653	
47	809764	95256	47862	47118	
48	813700	89337	48633	48330	
49	819451	84798	46623	49128	
50	829644	80500	42714	47142	
51	838194	76523	42084	43199	
52	843171	75926	38416	42487	
53	847790	75243	38107	38860	
54	849394	74323	37819	38464	
55	850595	73794	37424	38187	
56	853580	71711	36899	37810	
57	857374	68463	36895	37268	
58	863378	64517	34816	37289	
59	870941	60202	33647	35210	
60	876735	58381	30870	34014	
61	881238	58189	29332	31241	
62	885506	55763	29049	29682	
63	888380	53140	29140	29340	
64	890448	53489	26623	29440	
65	891951	54612	26517	26920	
66	890004	56233	26972	26791	
67	887074	58044	27640	27242	
68	883426	60061	28593	27920	
69	879196	62466	29451	28887	
70	874395	65278	30610	29717	
71	868705	68507	31856	30932	
72	862353	72065	33422	32160	
73	854912	76276	35085	33727	
74	847773	79835	36980	35412	
75	840031	83317	39296	37356	
76	834082	85701	40539	39678	
77	832403	83907	42778	40912	
78	830860	83023	42923	43194	
79	829243	86407	40984	43366	
80	826946	89612	42039	41403	
81	822938	90269	44368	42425	
82	817793	92165	45244	44798	
83	813781	95499	45025	45695	
84	808159	99214	47140	45487	
85	799461	104597	48359	47583	
86	790802	109506	50855	48837	
87	780160	114721	53742	51377	
88	769704	120301	55764	54231	
89	758416	126320	58957	56307	
90	745277	133871	61344	59508	
91	732316	140776	64976	61932	
92	717530	147947	68895	65628	
93	705451	153095	71881	69573	
94	692641	158687	76066	72606	
95	678694	167468	77029	76809	
96	665879	174654	81658	77809	
97	649881	181824	85810	82485	
98	635334	189201	88844	86621	
99	620205	197072	92980	89743	
100	604047	205833	96221	93899	
101	588759	213284	100851	97106	
102	575834	217363	104982	101821	
103	564194	221512	108302	105992	
104	553389	228234	109061	109316	
105	542698	234690	112451	110161	
106	529224	241501	115783	113492	
107	516353	247836	118907	116904	
108	503349	253975	122594	120082	
109	490218	260781	125242	123759	
110	476380	268426	128733	126461	
111	461639	276365	132048	129948	
112	447673	282594	136378	133355	
113	433803	288434	139987	137776	
114	424755	291246	142607	141392	
115	415172	295026	145827	143975	
116	404829	302429	145419	147323	
117	400731	302794	149607	146868	
118	393231	302843	152822	151104	
119	387950	307816	149972	154262	
120	381517	314094	152871	151518	
121	369611	321084	154945	154360	
122	358582	325784	159149	156485	
123	347591	329762	161935	160712	
124	338861	333758	163849	163532	
125	328920	339662	165913	165505	
126	319570	345032	167845	167553	
127	310397	348176	171817	169610	
128	305133	348149	173215	173503	
129	301959	348108	174961	174972	
130	297090	353032	173188	176690	
131	292825	357308	174920	174947	
132	285658	359528	178112	176702	
133	282636	358335	179196	179833	
134	281038	357607	180332	181023	
135	277582	362263	178003	182152	
136	274301	366339	179604	179756	
137	267674	368218	182659	181449	
138	265324	366576	183680	184420	
139	265013	364877	184538	185572	
140	263350	368189	182038	186423	
141	261820	371542	182839	183799	
142	256901	373016	185350	184733	
143	255825	370740	186192	187243	
144	255832	369286	186824	188058	
145	254251	373112	183916	188721	
146	252856	376021	185370	185753	
147	247972	377074	187742	187212	
148	248502	373621	188279	189598	
149	249854	371110	188795	190241	
150	249574	374866	184826	190734	
151	249019	377950	186284	186747	
152	244002	379209	188582	188207	
153	245480	374738	189368	190414	
154	247610	371296	189841	191253	
155	248355	374967	184897	191781	
156	248822	377925	186399	186854	
157	244025	379206	188568	188201	
158	245251	374908	189357	190484	
159	247500	371338	189849	191313	
160	248356	374799	185059	191786	
161	248857	377902	186279	186962	
162	244029	379273	188520	188178	
163	245271	374969	189382	190378	
164	247510	371374	189891	191225	
165	248284	374832	185078	191806	
166	248788	377859	186296	187057	
167	244155	379177	188536	188132	
168	245175	375073	189323	190429	
169	247441	371456	189854	191249	
170	248359	374728	185219	191694	
171	248698	377915	186237	187150	
172	244171	379203	188491	188135	
173	245177	375022	189424	190377	
174	247441	371462	189779	191318	
175	248414	374709	185243	191634	
176	248669	377951	186219	187161	
177	244257	379179	188490	188074	
178	245137	375015	189461	190387	
179	247440	371461	189718	191381	
180	248407	374660	185297	191636	
181	248665	377948	186164	187223	
182	244284	379177	188496	188043	
183	245067	375048	189452	190433	
184	247544	371400	189725	191331	
185	248367	374646	185323	191664	
186	248670	377964	186077	187289	
187	244358	379091	188569	187982	
188	245058	375093	189395	190454	
189	247507	371494	189696	191303	
190	248254	374680	185397	191669	
191	248601	377914	186097	187388	
192	244513	379011	188583	187893	
193	244965	375271	189331	190433	
194	247475	371620	189680	191225	
195	248218	374574	185591	191617	
196	248628	377835	186029	187508	
197	244547	378983	188545	187925	
198	244944	375323	189290	190443	
199	247392	371659	189693	191256	
200	248265	374503	185630	191602	
201	248657	377812	186029	187502	
202	244574	379055	188474	187897	
203	244962	375352	189338	190348	
204	247332	371653	189717	191298	
205	248392	374403	185635	191570	
206	248568	377819	186018	187595	
207	244661	379053	188385	187901	
208	244950	375322	189434	190294	
209	247319	371726	189619	191336	
210	248319	374408	185703	191570	
211	248594	377765	186023	187618	
212	244598	379043	188385	187974	
213	245008	375307	189380	190305	
214	247410	371699	189663	191228	
215	248291	374506	185644	191559	
216	248534	377794	186055	187617	
217	244610	378947	188451	187992	
218	244979	375281	189343	190397	
219	247447	371719	189604	191230	
220	248242	374568	185677	191513	
221	248594	377850	186042	187514	
222	244539	378997	188526	187938	
223	244997	375292	189324	190387	
224	247364	371701	189673	191262	
225	248293	374506	185619	191582	
226	248518	377775	186082	187625	
227	244628	378942	188424	188006	
228	245075	375306	189351	190268	
229	247228	371867	189591	191314	
230	248288	374463	185715	191534	
231	248511	377675	186152	187662	
232	244621	378928	188311	188140	
233	245151	375228	189364	190257	
234	247284	371879	189564	191273	
235	248309	374565	185664	191462	
236	248410	377723	186215	187652	
237	244658	378851	188350	188141	
238	245213	375196	189373	190218	
239	247273	372008	189478	191241	
240	248272	374622	185718	191388	
241	248359	377681	186290	187670	
242	244789	378781	188332	188098	
243	245167	375317	189349	190167	
244	247202	372141	189432	191225	
245	248239	374539	185885	191337	
246	248294	377613	186256	187837	
247	244792	378743	188283	188182	
248	245180	375306	189330	190184	
249	247168	372150	189413	191269	
250	248240	374505	185893	191362	
251	248377	377567	186257	187799	
252	244853	378777	188248	188122	
253	245186	375390	189319	190105	
254	247165	372189	189458	191188	
255	248191	374508	185932	191369	
256	248312	377525	186257	187906	
257	244872	378650	188251	188227	
258	245293	375324	189274	190109	
259	247149	372311	189376	191164	
260	248189	374590	185948	191273	
261	248271	377468	186363	187898	
262	244898	378592	188227	188283	
263	245244	375316	189241	190199	
264	247222	372293	189351	191134	
265	248134	374616	185965	191285	
266	248257	377492	186328	187923	
267	244882	378533	188288	188297	
268	245267	375280	189204	190249	
269	247355	372283	189329	191033	
270	248023	374759	185951	191267	
271	248304	377507	186332	187857	
272	244923	378440	188427	188210	
273	245323	375355	189080	190242	
274	247261	372376	189360	191003	
275	248051	374718	185995	191236	
276	248256	377473	186381	187890	
277	244953	378466	188337	188244	
278	245278	375371	189136	190215	
279	247177	372401	189330	191092	
280	248058	374607	186041	191294	
281	248303	377358	186360	187979	
282	245070	378476	188247	188207	
283	245228	375525	189111	190136	
284	247095	372477	189365	191063	
285	248090	374487	186160	191263	
286	248271	377345	186317	188067	
287	245073	378542	188170	188215	
288	245243	375526	189175	190056	
289	247112	372468	189367	191053	
290	248111	374481	186159	191249	
291	248301	377361	186309	188029	
292	245079	378574	188172	188175	
293	245178	375555	189189	190078	
294	247079	372416	189385	191120	
295	248133	374397	186170	191300	
296	248321	377356	186246	188077	
297	245112	378599	188151	188138	
298	245082	375587	189205	190126	
299	247194	372341	189394	191071	
300	248062	374417	186193	191328	
301	248358	377415	186148	188079	
302	245130	378609	188269	187992	
303	244978	375694	189146	190182	
304	247083	372300	189463	191154	
305	248133	374241	186231	191395	
306	248406	377370	186069	188155	
307	245188	378673	188172	187967	
308	244987	375752	189198	190063	
309	247097	372364	189475	191064	
310	248060	374277	186277	191386	
311	248460	377349	186087	188104	
312	245074	378707	188190	188029	
313	245040	375721	189159	190080	
314	247117	372294	189548	191041	
315	247987	374336	186173	191504	
316	248573	377273	186121	188033	
317	245032	378708	188215	188045	
318	245100	375780	189058	190062	
319	247106	372314	189650	190930	
320	247926	374378	186130	191566	
321	248592	377201	186184	188023	
322	245030	378682	188194	188094	
323	245135	375802	189007	190056	
324	247120	372354	189675	190851	
325	247845	374421	186127	191607	
326	248596	377119	186227	188058	
327	245111	378596	188194	188099	
328	245066	375868	188925	190141	
329	247193	372337	189671	190799	
330	247827	374389	186197	191587	
331	248553	377162	186140	188145	
332	245176	378547	188249	188028	
333	245072	375877	188913	190138	
334	247141	372388	189634	190837	
335	247804	374370	186243	191583	
336	248600	377121	186145	188134	
337	245158	378594	188225	188023	
338	245094	375934	188896	190076	
339	247105	372415	189698	190782	
340	247815	374371	186236	191578	
341	248541	377104	186179	188176	
342	245248	378555	188192	188005	
343	245047	375992	188912	190049	
344	247051	372488	189643	190818	
345	247816	374278	186349	191557	
346	248559	377042	186139	188260	
347	245291	378562	188139	188008	
348	245067	376038	188903	189992	
349	246969	372534	189659	190838	
350	247839	374208	186379	191574	
351	248532	376978	186155	188335	
352	245335	378564	188053	188048	
353	245093	376048	188925	189934	
354	246837	372605	189639	190919	
355	247938	374116	186409	191537	
356	248481	376936	186196	188387	
357	245427	378564	187920	188089	
358	245040	376058	189016	189886	
359	246882	372634	189548	190936	
360	247983	374078	186510	191429	
361	248351	377022	186124	188503	
362	245520	378507	187954	188019	
363	245115	376041	189068	189776	
364	246806	372781	189439	190974	
365	247968	374063	186602	191367	
366	248346	376947	186179	188528	
367	245523	378511	187884	188082	
368	245059	376090	189063	189788	
369	246773	372789	189448	190990	
370	247962	373983	186642	191413	
371	248515	376873	186147	188465	
372	245552	378620	187836	187992	
373	244997	376242	189037	189724	
374	246756	372751	189583	190910	
375	247920	373935	186659	191486	
376	248437	376863	186092	188608	
377	245604	378547	187843	188006	
378	245043	376218	189020	189719	
379	246738	372843	189527	190892	
380	247856	373978	186691	191475	
381	248485	376778	186152	188585	
382	245625	378512	187826	188037	
383	245058	376274	188952	189716	
384	246764	372858	189560	190818	
385	247830	374016	186714	191440	
386	248389	376798	186144	188669	
387	245708	378403	187872	188017	
388	245044	376271	188926	189759	
389	246783	372929	189477	190811	
390	247841	374002	186794	191363	
391	248281	376806	186135	188778	
392	245783	378307	187867	188043	
393	245026	376252	188939	189783	
394	246753	373025	189368	190854	
395	247807	374002	186884	191307	
396	248259	376764	186141	188836	
397	245859	378260	187861	188020	
398	245011	376321	188903	189765	
399	246768	373086	189357	190789	
400	247751	373992	186964	191293	
401	248258	376729	186122	188891	
402	245880	378220	187870	188030	
403	244958	376363	188859	189820	
404	246802	373058	189361	190779	
405	247739	373956	187002	191303	
406	248336	376724	186056	188884	
407	245927	378246	187900	187927	
408	244957	376429	188824	189790	
409	246840	373061	189422	190677	
410	247708	373993	187007	191292	
411	248153	376748	186054	189045	
412	246057	378051	187939	187953	
413	244970	376393	188809	189828	
414	246899	373223	189242	190636	
415	247581	374074	187151	191194	
416	248208	376663	186072	189057	
417	246093	377969	188002	187936	
418	244988	376506	188661	189845	
419	246785	373293	189308	190614	
420	247597	373969	187198	191236	
421	248267	376569	186095	189069	
422	246069	378079	187874	187978	
423	244965	376567	188695	189773	
424	246815	373265	189384	190536	
425	247528	374021	187183	191268	
426	248294	376576	186082	189048	
427	245955	378055	187939	188051	
428	245036	376488	188637	189839	
429	246889	373210	189418	190483	
430	247408	374137	187070	191385	
431	248347	376530	186140	188983	
432	246038	377970	187997	187995	
433	244981	376585	188533	189901	
434	246910	373255	189437	190398	
435	247336	374139	187148	191377	
436	248290	376477	186107	189126	
437	246146	377817	188032	188005	
438	244965	376616	188445	189974	
439	247061	373304	189372	190263	
440	247313	374226	187244	191217	
441	248122	376597	186060	189221	
442	246195	377648	188166	187991	
443	245030	376519	188431	190020	
444	246936	373436	189217	190411	
445	247369	374173	187302	191156	
446	248077	376512	186134	189277	
447	246336	377645	188039	187980	
448	244999	376609	188473	189919	
449	246836	373547	189172	190445	
450	247431	374052	187437	191080	
451	248114	376483	186110	189293	
452	246298	377770	187942	187990	
453	244953	376630	188541	189876	
454	246881	373460	189229	190430	
455	247423	374033	187401	191143	
456	248075	376520	186059	189346	
457	246272	377727	187974	188027	
458	245101	376559	188546	189794	
459	246825	373598	189181	190396	
460	247413	374147	187378	191062	
461	248016	376446	186220	189318	
462	246333	377650	187927	188090	
463	245035	376579	188519	189867	
464	246945	373598	189131	190326	
465	247318	374206	187448	191028	
466	247966	376496	186150	189388	
467	246334	377510	188056	188100	
468	245062	376498	188440	190000	
469	246994	373604	189070	190332	
470	247313	374274	187428	190985	
471	248008	376523	186176	189293	
472	246213	377543	188098	188146	
473	245114	376458	188425	190003	
474	246935	373556	189118	190391	
475	247305	374266	187340	191089	
476	248067	376471	186216	189246	
477	246201	377598	188050	188151	
478	245165	376503	188421	189911	
479	246935	373608	189177	190280	
480	247163	374335	187326	191176	
481	248207	376329	186282	189182	
482	246195	377604	188053	188148	
483	245128	376652	188276	189944	
484	246984	373558	189328	190130	
485	247142	374322	187324	191212	
486	248161	376342	186234	189263	
487	246200	377520	188088	188192	
488	245110	376581	188254	190055	
489	247121	373550	189266	190063	
490	247001	374491	187315	191193	
491	248202	376379	186235	189184	
492	246163	377449	188256	188132	
493	245124	376625	188123	190128	
494	247019	373541	189326	190114	
495	247093	374397	187299	191211	
496	248178	376372	186242	189208	
497	246107	377516	188155	188222	
498	245175	376535	188217	190073	
499	247032	373535	189299	190134	
500	247097	374454	187236	191213	
501	248165	376391	186299	189145	
502	246119	377531	188155	188195	
503	245202	376537	188236	190025	
504	247008	373574	189295	190123	
505	247053	374459	187242	191246	
506	248161	376304	186332	189203	
507	246257	377445	188127	188171	
508	245091	376649	188177	190083	
509	247007	373592	189268	190133	
510	247161	374337	187381	191121	
511	248032	376405	186211	189352	
512	246361	377425	188126	188088	
513	245064	376632	188279	190025	
514	247010	373680	189146	190164	
515	247145	374327	187486	191042	
516	247943	376402	186194	189461	
517	246501	377342	188133	188024	
518	245022	376695	188269	190014	
519	247056	373771	189073	190100	
520	247096	374348	187622	190934	
521	247901	376428	186149	189522	
522	246451	377248	188199	188102	
523	245066	376607	188229	190098	
524	247107	373769	189019	190105	
525	247095	374420	187588	190897	
526	247820	376465	186181	189534	
527	246625	377159	188239	187977	
528	244919	376682	188226	190173	
529	247135	373800	188933	190132	
530	247158	374321	187749	190772	
531	247690	376557	186051	189702	
532	246693	377107	188270	187930	
533	244852	376639	188287	190222	
534	247201	373805	188820	190174	
535	247164	374320	187819	190697	
536	247607	376639	185986	189768	
537	246710	377051	188334	187905	
538	244931	376590	188305	190174	
539	247193	373914	188746	190147	
540	247129	374402	187844	190625	
541	247506	376607	186070	189817	
542	246741	376918	188332	188009	
543	245002	376528	188275	190195	
544	247057	374039	188643	190261	
545	247248	374351	187885	190516	
546	247435	376591	186154	189820	
547	246838	376968	188197	187997	
548	245007	376556	188394	190043	
549	247008	374130	188574	190288	
550	247261	374304	187982	190453	
551	247382	376547	186148	189923	
552	246888	376901	188156	188055	
553	245043	376529	188391	190037	
554	247110	374202	188510	190178	
555	247111	374434	188019	190436	
556	247305	376511	186183	190001	
557	246986	376699	188251	188064	
558	244989	376566	188260	190185	
559	247122	374258	188439	190181	
560	247180	374366	188127	190327	
561	247301	376556	186131	190012	
562	246963	376762	188235	188040	
563	244975	376551	188321	190153	
564	247105	374231	188441	190223	
565	247241	374371	188110	190278	
566	247227	376623	186121	190029	
567	247032	376743	188250	187975	
568	244936	376554	188373	190137	
569	247108	374279	188370	190243	
570	247159	374353	188184	190304	
571	247272	376572	186095	190061	
572	247001	376730	188258	188011	
573	244927	376571	188314	190188	
574	247201	374226	188416	190157	
575	247118	374421	188155	190306	
576	247298	376628	186071	190003	
577	246901	376723	188350	188026	
578	244998	376504	188278	190220	
579	247234	374203	188445	190118	
580	247069	374517	188059	190355	
581	247300	376603	186144	189953	
582	246842	376682	188373	188103	
583	245010	376439	188230	190321	
584	247293	374145	188452	190110	
585	247050	374606	187987	190357	
586	247306	376649	186158	189887	
587	246834	376660	188448	188058	
588	245008	376443	188201	190348	
589	247234	374140	188459	190167	
590	247091	374556	187984	190369	
591	247340	376642	186156	189862	
592	246837	376730	188400	188033	
593	244916	376472	188242	190370	
594	247316	374048	188488	190148	
595	247064	374540	187984	190412	
596	247361	376691	186064	189884	
597	246822	376717	188476	187985	
598	245011	376474	188215	190300	
599	247241	374119	188502	190138	
600	247024	374546	187972	190458	
601	247429	376578	186147	189846	
602	246887	376750	188399	187964	
603	244922	376618	188179	190281	
604	247208	374128	188571	190093	
605	247087	374445	188047	190421	
606	247303	376608	186081	190008	
607	246969	376692	188364	187975	
608	244879	376578	188244	190299	
609	247235	374164	188448	190153	
610	247033	374426	188130	190411	
611	247368	376581	186034	190017	
612	246929	376727	188392	187952	
613	244869	376622	188189	190320	
614	247304	374114	188538	190044	
615	246968	374493	188084	190455	
616	247369	376586	186030	190015	
617	246942	376647	188463	187948	
618	244913	376619	188123	190345	
619	247271	374167	188524	190038	
620	246943	374505	188095	190457	
621	247414	376520	186072	189994	
622	246821	376658	188433	188088	
623	245049	376549	188087	190315	
624	247319	374177	188571	189933	
625	246912	374687	187978	190423	
626	247389	376560	186199	189852	
627	246831	376618	188488	188063	
628	245011	376545	188072	190372	
629	247323	374166	188546	189965	
630	246902	374647	187999	190452	
631	247385	376541	186167	189907	
632	246761	376606	188480	188153	
633	245190	376460	188061	190289	
634	247268	374251	188545	189936	
635	246919	374762	187915	190404	
636	247420	376493	186336	189751	
637	246669	376639	188426	188266	
638	245211	376399	188067	190323	
639	247278	374198	188572	189952	
640	246928	374810	187827	190435	
641	247402	376539	186371	189688	
642	246676	376662	188439	188223	
643	245123	376407	188100	190370	
644	247296	374140	188562	190002	
645	246934	374760	187845	190461	
646	247378	376565	186295	189762	
647	246841	376637	188465	188057	
648	245045	376548	188100	190307	
649	247251	374228	188537	189984	
650	246884	374630	188011	190475	
651	247385	376461	186217	189937	
652	246887	376593	188413	188107	
653	244994	376606	188048	190352	
654	247312	374227	188545	189916	
655	246870	374637	188061	190432	
656	247370	376502	186166	189962	
657	246939	376561	188471	188029	
658	244984	376634	188031	190351	
659	247294	374252	188530	189924	
660	246960	374598	188104	190338	
661	247298	376586	186148	189968	
662	246925	376603	188450	188022	
663	244861	376557	188136	190446	
664	247391	374124	188467	190018	
665	246931	374593	188090	190386	
666	247329	376658	186034	189979	
667	246946	376590	188559	187905	
668	244848	376613	188099	190440	
669	247389	374135	188491	189985	
670	246897	374564	188122	190417	
671	247195	376620	186013	190172	
672	247036	376418	188551	187995	
673	245014	376549	188069	190368	
674	247291	374380	188349	189980	
675	246875	374640	188200	190285	
676	247251	376502	186180	190067	
677	247022	376459	188460	188059	
678	245045	376607	188042	190306	
679	247176	374403	188417	190004	
680	247023	374548	188190	190239	
681	247205	376519	186213	190063	
682	247035	376561	188335	188069	
683	245062	376583	188184	190171	
684	247050	374432	188377	190141	
685	247077	374450	188206	190267	
686	247152	376476	186226	190146	
687	247127	376572	188224	188077	
688	245021	376620	188252	190107	
689	247015	374490	188320	190175	
690	247111	374368	188300	190221	
691	247209	376450	186190	190151	
692	247098	376649	188178	188075	
693	245097	376647	188272	189984	
694	246938	374532	188377	190153	
695	247109	374357	188270	190264	
696	247097	376384	186262	190257	
697	247221	376555	188095	188129	
698	245063	376645	188289	190003	
699	246868	374616	188266	190250	
700	247189	374286	188379	190146	
701	247046	376409	186237	190308	
702	247290	376568	188049	188093	
703	245091	376669	188360	189880	
704	246809	374725	188208	190258	
705	247151	374247	188461	190141	
706	247010	376304	186264	190422	
707	247309	376495	187983	188213	
708	245215	376658	188321	189806	
709	246715	374868	188174	190243	
710	247070	374275	188484	190171	
711	247036	376119	186384	190461	
712	247390	376431	187891	188288	
713	245208	376759	188228	189805	
714	246662	374926	188203	190209	
715	247161	374199	188556	190084	
716	247027	376160	186370	190443	
717	247409	376533	187829	188229	
718	245133	376773	188331	189763	
719	246695	374885	188202	190218	
720	247164	374177	188571	190088	
721	247051	376203	186314	190432	
722	247346	376567	187863	188224	
723	245180	376747	188340	189733	
724	246677	374875	188227	190221	
725	247089	374211	188520	190180	
726	247106	376116	186355	190423	
727	247365	376539	187856	188240	
728	245133	376821	188260	189786	
729	246715	374853	188279	190153	
730	247118	374192	188542	190148	
731	247093	376166	186311	190430	
732	247336	376553	187881	188230	
733	245213	376776	188285	189726	
734	246586	374896	188268	190250	
735	247228	374146	188508	190118	
736	246973	376151	186388	190488	
737	247368	376534	187758	188340	
738	245392	376689	188393	189526	
739	246424	375111	188141	190324	
740	247215	374160	188548	190077	
741	246960	375988	186563	190489	
742	247420	376535	187597	188448	
743	245417	376742	188391	189450	
744	246324	375187	188144	190345	
745	247236	374092	188598	190074	
746	247099	375916	186589	190396	
747	247315	376687	187503	188495	
748	245424	376765	188413	189398	
749	246274	375095	188274	190357	
750	247328	374049	188491	190132	
751	247056	375939	186604	190401	
752	247292	376727	187445	188536	
753	245453	376702	188494	189351	
754	246297	375098	188233	190372	
755	247331	374103	188469	190097	
756	247023	375976	186629	190372	
757	247288	376704	187474	188534	
758	245528	376664	188502	189306	
759	246296	375167	188202	190335	
760	247255	374179	188462	190104	
761	246947	375910	186705	190438	
762	247323	376561	187474	188642	
763	245636	376625	188436	189303	
764	246183	375316	188125	190376	
765	247266	374177	188500	190057	
766	247027	375801	186816	190356	
767	247279	376639	187361	188721	
768	245692	376651	188440	189217	
769	246209	375323	188199	190269	
770	247153	374254	188452	190141	
771	247091	375715	186871	190323	
772	247236	376599	187383	188782	
773	245745	376680	188332	189243	
774	246187	375341	188267	190205	
775	247165	374296	188413	190126	
776	247022	375706	186928	190344	
777	247245	376538	187368	188849	
778	245775	376619	188338	189268	
779	246111	375377	188200	190312	
780	247225	374252	188419	190104	
781	246943	375700	186958	190399	
782	247288	376521	187294	188897	
783	245870	376579	188406	189145	
784	246062	375512	188115	190311	
785	247203	374286	188464	190047	
786	246941	375619	187048	190392	
787	247374	376497	187238	188891	
788	245762	376665	188381	189192	
789	246107	375490	188116	190287	
790	247202	374224	188549	190025	
791	246886	375672	186941	190501	
792	247455	376453	187283	188809	
793	245746	376704	188389	189161	
794	246110	375563	188064	190263	
795	247144	374216	188640	190000	
796	246941	375620	186923	190516	
797	247412	376452	187293	188843	
798	245762	376713	188327	189198	
799	246203	375530	188125	190142	
800	247072	374326	188588	190014	
801	246973	375637	186942	190448	
802	247320	376406	187384	188890	
803	245827	376651	188253	189269	
804	246202	375503	188153	190142	
805	247127	374384	188498	189991	
806	246909	375681	187005	190405	
807	247280	376394	187379	188947	
808	245886	376552	188302	189260	
809	246168	375526	188092	190214	
810	247199	374408	188460	189933	
811	246840	375708	187066	190386	
812	247339	376379	187342	188940	
813	245869	376532	188366	189233	
814	246183	375570	188013	190234	
815	247147	374410	188519	189924	
816	246806	375689	187051	190454	
817	247407	376317	187359	188917	
818	245825	376576	188330	189269	
819	246148	375595	187987	190270	
820	247131	374330	188589	189950	
821	246897	375638	187006	190459	
822	247326	376391	187324	188959	
823	245919	376584	188314	189183	
824	246118	375609	188077	190196	
825	247181	374396	188507	189916	
826	246816	375658	187102	190424	
827	247413	376362	187294	188931	
828	245859	376593	188364	189184	
829	246098	375631	187998	190273	
830	247166	374322	188595	189917	
831	246796	375632	187036	190536	
832	247461	376318	187286	188935	
833	245899	376614	188346	189141	
834	246068	375722	187972	190238	
835	247113	374333	188642	189912	
836	246808	375545	187080	190567	
837	247517	376282	187253	188948	
838	245911	376693	188292	189104	
839	246076	375795	187990	190139	
840	247083	374353	188703	189861	
841	246829	375519	187092	190560	
842	247430	376268	187261	189041	
843	245863	376620	188258	189259	
844	246174	375660	188010	190156	
845	247083	374404	188610	189903	
846	246864	375626	187050	190460	
847	247364	376306	187354	188976	
848	245878	376574	188272	189276	
849	246226	375600	188034	190140	
850	247148	374462	188540	189850	
851	246710	375731	187060	190499	
852	247424	376225	187402	188949	
853	245923	376501	188329	189247	
854	246256	375715	187896	190133	
855	247009	374547	188605	189839	
856	246718	375629	187110	190543	
857	247433	376093	187437	189037	
858	245971	376518	188192	189319	
859	246281	375769	187901	190049	
860	246959	374615	188617	189809	
861	246742	375602	187152	190504	
862	247406	376059	187463	189072	
863	246024	376505	188139	189332	
864	246199	375788	187920	190093	
865	247019	374587	188585	189809	
866	246707	375582	187203	190508	
867	247472	376090	187384	189054	
868	245977	376550	188198	189275	
869	246253	375824	187892	190031	
870	246927	374606	188658	189809	
871	246775	375549	187166	190510	
872	247485	376057	187440	189018	
873	245930	376615	188109	189346	
874	246236	375782	187948	190034	
875	246964	374536	188667	189833	
876	246736	375573	187115	190576	
877	247465	376066	187421	189048	
878	245962	376567	188152	189319	
879	246256	375797	187914	190033	
880	246963	374587	188653	189797	
881	246746	375590	187144	190520	
882	247418	376074	187443	189065	
883	245999	376525	188147	189329	
884	246202	375777	187927	190094	
885	246983	374562	188598	189857	
886	246796	375547	187179	190478	
887	247345	376141	187383	189131	
888	246017	376506	188164	189313	
889	246214	375734	187977	190075	
890	246983	374600	188529	189888	
891	246736	375555	187205	190504	
892	247396	376080	187395	189129	
893	246120	376503	188160	189217	
894	246154	375881	187920	190045	
895	246960	374637	188583	189820	
896	246697	375486	187298	190519	
897	247501	376027	187339	189133	
898	246051	376560	188147	189242	
899	246077	375918	187880	190125	
900	247043	374493	188680	189784	
901	246745	375477	187238	190540	
902	247510	376150	187255	189085	
903	246009	376619	188222	189150	
904	246138	375882	187928	190052	
905	246938	374516	188691	189855	
906	246857	375442	187191	190510	
907	247403	376156	187325	189116	
908	246111	376619	188117	189153	
909	246084	375876	188039	190001	
910	246996	374561	188580	189863	
911	246775	375439	187296	190490	
912	247433	376131	187265	189171	
913	246124	376576	188174	189126	
914	246005	375927	187957	190111	
915	247075	374489	188619	189817	
916	246778	375443	187308	190471	
917	247306	376223	187181	189290	
918	246210	376458	188262	189070	
919	246009	375893	187961	190137	
920	247093	374587	188497	189823	
921	246646	375463	187396	190495	
922	247434	376104	187191	189271	
923	246236	376447	188272	189045	
924	245956	376034	187832	190178	
925	247139	374553	188615	189693	
926	246654	375457	187419	190470	
927	247425	376158	187134	189283	
928	246248	376447	188323	188982	
929	245882	376046	187835	190237	
930	247071	374498	188612	189819	
931	246784	375316	187434	190466	
932	247437	376215	187064	189284	
933	246202	376582	188252	188964	
934	245853	376004	187963	190180	
935	247030	374421	188619	189930	
936	246820	375245	187385	190550	
937	247494	376207	187036	189263	
938	246208	376669	188209	188914	
939	245879	376064	187998	190059	
940	246962	374456	188671	189911	
941	246802	375204	187393	190601	
942	247451	376124	187063	189362	
943	246290	376621	188141	188948	
944	245825	376119	187983	190073	
945	247009	374488	188638	189865	
946	246751	375202	187481	190566	
947	247525	376130	187007	189338	
948	246318	376639	188195	188848	
949	245735	376204	187935	190126	
950	247049	374419	188704	189828	
951	246736	375151	187500	190613	
952	247597	376148	186919	189336	
953	246229	376697	188232	188842	
954	245801	376197	187916	190086	
955	247019	374400	188781	189800	
956	246818	375187	187416	190579	
957	247494	376200	186984	189322	
958	246221	376674	188203	188902	
959	245800	376088	187997	190115	
960	247048	374393	188677	189882	
961	246732	375216	187411	190641	
962	247457	376153	186982	189408	
963	246333	376562	188234	188871	
964	245797	376164	187919	190120	
965	246982	374500	188643	189875	
966	246747	375142	187521	190590	
967	247512	376093	186979	189416	
968	246326	376627	188163	188884	
969	245848	376205	187930	190017	
970	246845	374537	188697	189921	
971	246800	375060	187508	190632	
972	247578	376014	187029	189379	
973	246332	376743	188031	188894	
974	245901	376280	187983	189836	
975	246723	374604	188760	189913	
976	246829	374987	187520	190664	
977	247605	375913	187084	189398	
978	246327	376803	187903	188967	
979	245908	376301	188010	189781	
980	246761	374606	188793	189840	
981	246683	375049	187508	190760	
982	247648	375818	187098	189436	
983	246399	376699	187951	188951	
984	245925	376412	187867	189796	
985	246647	374688	188832	189833	
986	246799	374936	187580	190685	
987	247584	375819	187108	189489	
988	246413	376761	187828	188998	
989	245859	376368	187991	189782	
990	246648	374644	188770	189938	
991	246871	374877	187598	190654	
992	247590	375891	187046	189473	
993	246443	376838	187831	188888	
994	245846	376403	188060	189691	
995	246520	374656	188778	190046	
996	246867	374740	187625	190768	
997	247616	375762	187031	189591	
998	246526	376851	187709	188914	
999	245866	376513	188053	189568	
1000	246523	374767	188798	189912	
1001	246794	374761	187715	190730	
1002	247671	375688	187052	189589	
1003	246454	376836	187709	189001	
1004	245925	376495	187979	189601	
1005	246475	374747	188857	189921	
1006	246884	374770	187638	190708	
1007	247594	375734	187109	189563	
1008	246511	376849	187661	188979	
1009	245925	376471	188073	189531	
1010	246470	374807	188776	189947	
1011	246855	374774	187695	190676	
1012	247566	375703	187112	189619	
1013	246555	376788	187662	188995	
1014	245891	376489	188041	189579	
1015	246429	374817	188747	190007	
1016	246877	374691	187742	190690	
1017	247641	375664	187075	189620	
1018	246531	376876	187616	188977	
1019	245845	376546	188048	189561	
1020	246465	374751	188828	189956	
1021	246913	374680	187718	190689	
1022	247585	375742	187033	189640	
1023	246638	376869	187647	188846	
1024	245818	376598	188095	189489	
1025	246446	374830	188774	189950	
1026	246816	374632	187824	190728	
1027	247559	375630	187006	189805	
1028	246710	376747	187626	188917	
1029	245847	376636	188004	189513	
1030	246459	374923	188743	189875	
1031	246770	374669	187893	190668	
1032	247569	375590	187030	189811	
1033	246744	376708	187639	188909	
1034	245807	376692	187951	189550	
1035	246383	374930	188757	189930	
1036	246749	374561	187935	190755	
1037	247644	375501	186995	189860	
1038	246772	376763	187566	188899	
1039	245763	376782	187935	189520	
1040	246418	374903	188828	189851	
1041	246768	374554	187954	190724	
1042	247631	375561	186949	189859	
1043	246755	376776	187605	188864	
1044	245798	376764	187956	189482	
1045	246436	374928	188820	189816	
1046	246796	374607	187944	190653	
1047	247623	375599	186984	189794	
1048	246678	376782	187623	188917	
1049	245782	376667	187976	189575	