%Iteration	Healthy	Infected_1	Infected_2	Dead	
%pHIV=	[5, 10000]	; pINF=	[500, 100000000]	

0	999465	535	0	0	
1	990433	9567	0	0	
2	951576	48424	0	0	
3	869817	120616	9567	0	
4	740468	211108	38857	9567	
5	584334	294975	81759	38932	
6	446468	342030	129349	82153	
7	369175	335007	165626	130192	
8	378867	277814	176404	166915	
9	471331	191976	158603	178090	
10	613347	107132	119211	160310	
11	759377	47079	72765	120779	
12	874109	17519	34367	74005	
13	944068	8123	12712	35097	
14	974644	7476	4807	13073	
15	981911	9825	3316	4948	
16	979336	13135	4160	3369	
17	973142	16996	5665	4197	
18	965454	21368	7470	5708	
19	956662	26289	9526	7523	
20	946907	31642	11842	9609	
21	936366	37241	14447	11946	
22	925161	43058	17195	14586	
23	913420	49201	20046	17333	
24	900885	55916	23012	20187	
25	887237	63354	26189	23220	
26	872434	71426	29727	26413	
27	856425	79958	33627	29990	
28	839253	89028	37799	33920	
29	822404	97293	42159	38144	
30	806032	104562	46869	42537	
31	791698	110612	50424	47266	
32	779901	115077	54138	50884	
33	768462	120425	56474	54639	
34	757748	126591	58603	57058	
35	746480	132536	61822	59162	
36	734304	138496	64769	62431	
37	724757	142093	67767	65383	
38	716443	144357	70729	68471	
39	709372	147861	71364	71403	
40	702439	152461	72993	72107	
41	693106	158302	74868	73724	
42	681811	165018	77593	75578	
43	668368	172594	80709	78329	
44	653455	180758	84309	81478	
45	639286	187337	88285	85092	
46	623991	194364	92473	89172	
47	609899	201905	94864	93332	
48	595306	209400	99500	95794	
49	577785	219297	102405	100513	
50	559304	230261	106995	103440	
51	538346	241284	112302	108068	
52	516475	252156	117959	113410	
53	493264	264336	123325	119075	
54	467838	278884	128831	124447	
55	440548	293903	135505	130044	
56	411461	308326	143379	136834	
57	382267	322515	150524	144694	
58	354008	336221	157802	151969	
59	327202	348760	164713	159325	
60	302219	360014	171508	166259	
61	279035	370539	177252	173174	
62	258836	379378	182762	179024	
63	240863	386880	187777	184480	
64	227478	391316	191601	189605	
65	217706	393551	195279	193464	
66	213112	393624	196037	197227	
67	211421	393123	197514	197942	
68	208647	395764	196110	199479	
69	206829	398031	197013	198127	
70	202105	400193	198751	198951	
71	201493	398449	199280	200778	
72	201551	396311	200913	201225	
73	199906	399630	197536	202928	
74	201145	400543	198775	199537	
75	197697	400636	200855	200812	
76	198993	398446	199688	202873	
77	201034	396295	200948	201723	
78	199925	399637	197498	202940	
79	201175	400582	198797	199446	
80	197596	400754	200840	200810	
81	198978	398456	199742	202824	
82	200873	396262	201012	201853	
83	199969	399538	197444	203049	
84	201116	400532	198818	199534	
85	197680	400768	200720	200832	
86	198971	398473	199812	202744	
87	200900	396326	200956	201818	
88	199871	399543	197517	203069	
89	201247	400432	198809	199512	
90	197656	400761	200734	200849	
91	198989	398544	199698	202769	
92	200825	396276	201063	201836	
93	199984	399419	197481	203116	
94	201215	400421	198795	199569	
95	197732	400838	200624	200806	
96	198920	398593	199797	202690	
97	200895	396297	201041	201767	
98	199906	399470	197552	203072	
99	201178	400449	198745	199628	
100	197775	400722	200725	200778	
101	198956	398605	199724	202715	
102	200900	396407	200998	201695	
103	199901	399537	197607	202955	
104	201090	400461	198800	199649	
105	197857	400635	200737	200771	
106	198873	398602	199724	202801	
107	200930	396400	200911	201759	
108	199923	399474	197691	202912	
109	201024	400538	198709	199729	
110	197861	400648	200765	200726	
111	198976	398563	199773	202688	
112	200812	396502	200875	201811	
113	199921	399464	197688	202927	
114	201051	400405	198814	199730	
115	197921	400630	200650	200799	
116	198983	398630	199755	202632	
117	200772	396581	200875	201772	
118	199943	399430	197755	202872	
119	200992	400404	198826	199778	
120	197969	400654	200604	200773	
121	198933	398665	199800	202602	
122	200694	396587	200854	201865	
123	200097	399301	197811	202791	
124	200933	400474	198776	199817	
125	198009	400732	200525	200734	
126	198813	398646	199949	202592	
127	200728	396528	200783	201961	
128	200189	399231	197863	202717	
129	200858	400608	198665	199869	
130	197946	400766	200566	200722	
131	198801	398549	200042	202608	
132	200791	396494	200724	201991	
133	200064	399304	197825	202807	
134	200981	400535	198669	199815	
135	197997	400725	200635	200643	
136	198829	398658	199900	202613	
137	200709	396499	200825	201967	
138	200153	399220	197833	202794	
139	200957	400560	198666	199817	
140	198073	400820	200554	200553	
141	198691	398739	200006	202564	
142	200637	396488	200814	202061	
143	200169	399056	197925	202850	
144	200949	400502	198563	199986	
145	198094	400813	200493	200600	
146	198727	398730	200009	202534	
147	200685	396481	200804	202030	
148	200171	399081	197926	202822	
149	200932	400558	198555	199955	
150	198000	400815	200526	200659	
151	198824	398639	200032	202505	
152	200691	396530	200783	201996	
153	200092	399222	197856	202830	
154	200983	400497	198674	199846	
155	197997	400778	200548	200677	
156	198811	398674	199949	202566	
157	200683	396516	200829	201972	
158	200100	399202	197845	202853	
159	200901	400509	198671	199919	
160	198001	400753	200531	200715	
161	198831	398621	199978	202570	
162	200702	396534	200775	201989	
163	200044	399241	197846	202869	
164	200954	400457	198688	199901	
165	198034	400725	200553	200688	
166	198733	398744	199904	202619	
167	200716	396546	200821	201917	
168	200020	399223	197923	202834	
169	200960	400497	198623	199920	
170	198023	400739	200600	200638	
171	198783	398742	199897	202578	
172	200644	396555	200842	201959	
173	200003	399177	197900	202920	
174	201047	400398	198655	199900	
175	198034	400796	200522	200648	
176	198759	398835	199876	202530	
177	200681	396538	200920	201861	
178	200046	399175	197915	202864	
179	200946	400488	198623	199943	
180	198061	400748	200552	200639	
181	198666	398737	199936	202661	
182	200729	396457	200812	202002	
183	200155	399129	197925	202791	
184	200894	400647	198532	199927	
185	198017	400821	200597	200565	
186	198653	398659	200050	202638	
187	200791	396391	200771	202047	
188	200171	399137	197888	202804	
189	200960	400644	198503	199893	
190	198111	400812	200634	200443	
191	198543	398768	200010	202679	
192	200789	396366	200802	202043	
193	200257	399029	197966	202748	
194	200843	400756	198400	200001	
195	198106	400837	200629	200428	
196	198570	398688	200127	202615	
197	200681	396406	200710	202203	
198	200318	398962	197978	202742	
199	200903	400705	198428	199964	
200	198147	400936	200534	200383	
201	198518	398779	200171	202532	
202	200655	396399	200765	202181	
203	200334	398920	198014	202732	
204	200856	400749	198385	200010	
205	198190	400951	200535	200324	
206	198498	398812	200214	202476	
207	200606	396466	200737	202191	
208	200296	398876	198075	202753	
209	200865	400664	198391	200080	
210	198156	400935	200485	200424	
211	198507	398803	200179	202511	
212	200618	396423	200756	202203	
213	200308	398858	198047	202787	
214	200924	400656	198376	200044	
215	198187	400968	200482	200363	
216	198468	398853	200174	202505	
217	200644	396394	200794	202168	
218	200322	398852	198059	202767	
219	200910	400696	198335	200059	
220	198099	400948	200517	200436	
221	198589	398743	200179	202489	
222	200590	396416	200769	202225	
223	200322	398916	197974	202788	
224	200955	400668	198442	199935	
225	197972	401037	200474	200517	
226	198635	398677	200194	202494	
227	200674	396336	200843	202147	
228	200251	399036	197834	202879	
229	200999	400654	198502	199845	
230	197981	400975	200534	200510	
231	198628	398697	200120	202555	
232	200670	396330	200855	202145	
233	200320	399001	197842	202837	
234	200844	400696	198488	199972	
235	198108	400921	200513	200458	
236	198610	398729	200183	202478	
237	200611	396482	200738	202169	
238	200261	398961	197991	202787	
239	200947	400599	198491	199963	
240	198199	400933	200470	200398	
241	198430	398879	200129	202562	
242	200636	396392	200804	202168	
243	200325	398809	198075	202791	
244	200893	400684	198317	200106	
245	198237	400958	200492	200313	
246	198393	398881	200192	202534	
247	200666	396390	200766	202178	
248	200345	398783	198115	202757	
249	200938	400718	198275	200069	
250	198260	401013	200508	200219	
251	198385	398936	200210	202469	
252	200604	396385	200803	202208	
253	200270	398716	198133	202881	
254	201026	400607	198252	200115	
255	198278	401058	200464	200200	
256	198327	399070	200143	202460	
257	200526	396349	200915	202210	
258	200339	398558	198155	202948	
259	201075	400569	198194	200162	
260	198375	401151	200364	200110	
261	198213	399209	200205	202373	
262	200378	396365	200946	202311	
263	200383	398331	198263	203023	
264	201193	400477	198102	200228	
265	198393	401322	200229	200056	
266	198093	399397	200248	202262	
267	200396	396293	201074	202237	
268	200227	398252	198323	203198	
269	201318	400366	197970	200346	
270	198523	401249	200282	199946	
271	198037	399553	200084	202326	
272	200477	396302	201165	202056	
273	200263	398275	198388	203074	
274	201206	400488	197914	200392	
275	198492	401186	200361	199961	
276	198010	399426	200127	202437	
277	200470	396260	201059	202211	
278	200314	398238	198367	203081	
279	201182	400538	197893	200387	
280	198516	401252	200345	199887	
281	197996	399465	200193	202346	
282	200410	396291	201059	202240	
283	200345	398172	198406	203077	
284	201248	400521	197885	200346	
285	198448	401352	200287	199913	
286	198038	399446	200234	202282	
287	200345	396261	201118	202276	
288	200360	398148	198328	203164	
289	201244	400452	197933	200371	
290	198518	401374	200215	199893	
291	197999	399553	200237	202211	
292	200267	396299	201137	202297	
293	200359	398020	198416	203205	
294	201365	400375	197883	200377	
295	198505	401473	200137	199885	
296	198043	399635	200238	202084	
297	200172	396335	201235	202258	
298	200333	397993	198400	203274	
299	201389	400267	197935	200409	
300	198513	401480	200058	199949	
301	198105	399654	200209	202032	
302	200136	396349	201271	202244	
303	200308	397966	198383	203343	
304	201417	400195	197966	200422	
305	198628	401476	200000	199896	
306	198016	399796	200195	201993	
307	200048	396409	201281	202262	
308	200384	397815	198515	203286	
309	201406	400174	197894	200526	
310	198606	401553	199921	199920	
311	198000	399811	200253	201936	
312	200049	396406	201300	202245	
313	200301	397826	198511	203362	
314	201439	400126	197895	200540	
315	198588	401531	199931	199950	
316	198081	399805	200195	201919	
317	199958	396428	201336	202278	
318	200375	397820	198469	203336	
319	201374	400121	197959	200546	
320	198721	401522	199861	199896	
321	198059	399875	200260	201806	
322	199920	396556	201262	202262	
323	200291	397756	198613	203340	
324	201501	399984	197943	200572	
325	198669	401556	199813	199962	
326	198091	399960	200171	201778	
327	199876	396569	201385	202170	
328	200298	397746	198575	203381	
329	201493	399933	197994	200580	
330	198698	401553	199752	199997	
331	198169	399939	200181	201711	
332	199872	396600	201372	202156	
333	200263	397768	198567	203402	
334	201472	399875	198033	200620	
335	198743	401509	199735	200013	
336	198105	400005	200140	201750	
337	199885	396643	201369	202103	
338	200171	397773	198636	203420	
339	201494	399851	198007	200648	
340	198700	401490	199766	200044	
341	198132	399984	200085	201799	
342	199886	396616	201405	202093	
343	200084	397836	198579	203501	
344	201603	399762	198037	200598	
345	198741	401459	199799	200001	
346	198148	400112	199963	201777	
347	199825	396655	201496	202024	
348	200107	397760	198616	203517	
349	201585	399724	198039	200652	
350	198757	401473	199721	200049	
351	198180	400120	200003	201697	
352	199751	396739	201470	202040	
353	200146	397737	198650	203467	
354	201489	399698	198089	200724	
355	198772	401443	199648	200137	
356	198292	400066	200050	201592	
357	199640	396868	201393	202099	
358	200177	397720	198673	203430	
359	201594	399588	198195	200623	
360	198684	401551	199525	200240	
361	198311	400068	200063	201558	
362	199562	396781	201488	202169	
363	200276	397643	198580	203501	
364	201541	399624	198201	200634	
365	198761	401622	199442	200175	
366	198290	400105	200182	201423	
367	199526	396878	201440	202156	
368	200209	397647	198665	203479	
369	201505	399538	198213	200744	
370	198807	401517	199434	200242	
371	198377	400130	200104	201389	
372	199544	396999	201413	202044	
373	200169	397752	198717	203362	
374	201505	399549	198282	200664	
375	198730	401481	199470	200319	
376	198421	400032	200079	201468	
377	199550	396947	201402	202101	
378	200182	397767	198630	203421	
379	201496	399523	198317	200664	
380	198730	401480	199450	200340	
381	198384	400044	200073	201499	
382	199598	396932	201407	202063	
383	200105	397790	198637	203468	
384	201566	399499	198295	200640	
385	198724	401477	199495	200304	
386	198371	400112	200004	201513	
387	199667	396915	201473	201945	
388	199993	397842	198639	203526	
389	201501	399470	198276	200753	
390	198835	401307	199566	200292	
391	198417	400148	199904	201531	
392	199574	397083	201403	201940	
393	200026	397833	198745	203396	
394	201526	399413	198338	200723	
395	198813	401355	199495	200337	
396	198392	400173	199918	201517	
397	199516	397046	201437	202001	
398	200089	397739	198736	203436	
399	201520	399427	198310	200743	
400	198855	401425	199429	200291	
401	198416	400193	199998	201393	
402	199394	397108	201427	202071	
403	200181	397639	198766	203414	
404	201447	399368	198342	200843	
405	198937	401426	199297	200340	
406	198444	400214	200071	201271	
407	199325	397227	201355	202093	
408	200182	397603	198859	203356	
409	201479	399322	198368	200831	
410	198961	401465	199235	200339	
411	198419	400262	200087	201232	
412	199271	397211	201378	202140	
413	200138	397516	198884	203462	
414	201500	399256	198327	200917	
415	199077	401469	199189	200265	
416	198304	400404	200067	201225	
417	199301	397215	201402	202082	
418	200111	397443	199002	203444	
419	201528	399240	198213	201019	
420	199076	401453	199230	200241	
421	198335	400447	200010	201208	
422	199319	397272	201443	201966	
423	200035	397523	199004	203438	
424	201494	399216	198268	201022	
425	199122	401389	199255	200234	
426	198337	400488	199961	201214	
427	199226	397324	201428	202022	
428	200007	397421	199060	203512	
429	201544	399086	198264	201106	
430	199079	401400	199157	200364	
431	198383	400457	199929	201231	
432	199186	397302	201471	202041	
433	200050	397422	198986	203542	
434	201546	399070	198316	201068	
435	199184	401418	199106	200292	
436	198322	400563	199964	201151	
437	199334	397361	201454	201851	
438	199858	397510	199109	203523	
439	201509	399042	198252	201197	
440	199312	401216	199258	200214	
441	198336	400662	199784	201218	
442	199276	397499	201432	201793	
443	199828	397475	199230	203467	
444	201612	398943	198269	201176	
445	199264	401266	199206	200264	
446	198332	400727	199737	201204	
447	199269	397453	201529	201749	
448	199800	397453	199198	203549	
449	201556	398932	198255	201257	
450	199291	401219	199198	200292	
451	198365	400711	199734	201190	
452	199275	397532	201485	201708	
453	199736	397509	199226	203529	
454	201520	398860	198306	201314	
455	199352	401118	199203	200327	
456	198484	400739	199657	201120	
457	199104	397700	201461	201735	
458	199812	397463	199278	203447	
459	201431	398783	198422	201364	
460	199368	401094	199041	200497	
461	198517	400651	199742	201090	
462	199108	397755	201352	201785	
463	199830	397499	199299	203372	
464	201347	398812	198456	201385	
465	199457	401059	199043	200441	
466	198526	400676	199769	201029	
467	199132	397860	201290	201718	
468	199679	397545	199386	203390	
469	201452	398690	198474	201384	
470	199419	401011	199071	200499	
471	198529	400749	199619	201103	
472	199171	397807	201392	201630	
473	199691	397566	199357	203386	
474	201361	398741	198450	201448	
475	199543	400930	199116	200411	
476	198463	400794	199625	201118	
477	199104	397888	201305	201703	
478	199748	397442	199489	203321	
479	201323	398746	198399	201532	
480	199634	400958	199043	200365	
481	198441	400827	199703	201029	
482	199087	397978	201255	201680	
483	199780	397440	199572	203208	
484	201270	398754	198406	201570	
485	199626	400920	199034	200420	
486	198475	400767	199720	201038	
487	199050	397988	201200	201762	
488	199819	397412	199567	203202	
489	201277	398754	198421	201548	
490	199550	400977	198991	200482	
491	198532	400715	199763	200990	
492	198998	397981	201214	201807	
493	199782	397435	199501	203282	
494	201340	398684	198480	201496	
495	199541	401003	198955	200501	
496	198535	400765	199729	200971	
497	198972	397988	201274	201766	
498	199785	397424	199491	203300	
499	201315	398667	198497	201521	
500	199500	401000	198927	200573	
501	198582	400720	199740	200958	
502	199058	397981	201260	201701	
503	199745	397535	199460	203260	
504	201196	398701	198521	201582	
505	199641	400834	199014	200511	
506	198625	400740	199687	200948	
507	199044	398162	201147	201647	
508	199745	397558	199593	203104	
509	201128	398677	198569	201626	
510	199626	400774	198989	200611	
511	198747	400668	199688	200897	
512	198864	398262	201086	201788	
513	199816	397486	199582	203116	
514	201140	398591	198680	201589	
515	199654	400880	198806	200660	
516	198692	400703	199785	200820	
517	198862	398257	201095	201786	
518	199865	397454	199608	203073	
519	201081	398624	198649	201646	
520	199636	400845	198805	200714	
521	198745	400615	199819	200821	
522	198834	398287	201026	201853	
523	199816	397495	199589	203100	
524	201106	398561	198698	201635	
525	199756	400810	198797	200637	
526	198728	400769	199764	200739	
527	198699	398413	201046	201842	
528	199848	397345	199723	203084	
529	201078	398459	198690	201773	
530	199792	400831	198655	200722	
531	198743	400781	199804	200672	
532	198714	398448	201027	201811	
533	199823	397372	199754	203051	
534	201066	398457	198694	201783	
535	199870	400802	198678	200650	
536	198624	400857	199779	200740	
537	198740	398426	201023	201811	
538	199806	397300	199834	203060	
539	200977	398482	198592	201949	
540	199955	400705	198708	200632	
541	198632	400843	199774	200751	
542	198934	398496	200931	201639	
543	199703	397473	199912	202912	
544	200881	398551	198584	201984	
545	199956	400506	198889	200649	
546	198642	400772	199662	200924	
547	198963	398538	200844	201655	
548	199601	397530	199928	202941	
549	201023	398478	198610	201889	
550	199876	400534	198920	200670	
551	198740	400803	199558	200899	
552	198951	398531	200976	201542	
553	199576	397618	199827	202979	
554	201000	398444	198704	201852	
555	199940	400485	198914	200661	
556	198762	400865	199530	200843	
557	198894	398631	200955	201520	
558	199657	397569	199910	202864	
559	200910	398478	198721	201891	
560	199967	400509	198848	200676	
561	198684	400815	199630	200871	
562	198865	398582	200879	201674	
563	199646	397479	199936	202939	
564	200977	398446	198646	201931	
565	199889	400556	198833	200722	
566	198800	400802	199613	200785	
567	198694	398627	200943	201736	
568	199774	397419	199859	202948	
569	200965	398391	198768	201876	
570	199863	400661	198651	200825	
571	198891	400756	199740	200613	
572	198702	398687	200921	201690	
573	199735	397516	199835	202914	
574	200882	398370	198852	201896	
575	199908	400555	198664	200873	
576	198821	400733	199706	200740	
577	198719	398668	200849	201764	
578	199812	397466	199884	202838	
579	200845	398458	198784	201913	
580	199912	400589	198682	200817	
581	198895	400675	199776	200654	
582	198693	398731	200813	201763	
583	199803	397542	199862	202793	
584	200838	398452	198869	201841	
585	199906	400582	198673	200839	
586	198828	400682	199779	200711	
587	198793	398666	200803	201738	
588	199700	397549	199879	202872	
589	200892	398436	198787	201885	
590	199890	400533	198762	200815	
591	198828	400719	199674	200779	
592	198811	398661	200859	201669	
593	199692	397587	199860	202861	
594	200912	398440	198801	201847	
595	199900	400536	198786	200778	
596	198794	400757	199654	200795	
597	198855	398640	200882	201623	
598	199621	397589	199875	202915	
599	200875	398416	198765	201944	
600	199931	400437	198824	200808	
601	198791	400741	199592	200876	
602	198866	398659	200845	201630	
603	199718	397600	199896	202786	
604	200859	398530	198763	201848	
605	199860	400525	198837	200778	
606	198799	400666	199693	200842	
607	198787	398604	200832	201777	
608	199762	397520	199834	202884	
609	200887	398483	198770	201860	
610	199913	400599	198750	200738	
611	198779	400764	199733	200724	
612	198750	398659	200866	201725	
613	199746	397483	199898	202873	
614	200875	398438	198761	201926	
615	199929	400563	198722	200786	
616	198857	400736	199716	200691	
617	198728	398725	200847	201700	
618	199756	397539	199889	202816	
619	200762	398436	198836	201966	
620	199962	400479	198703	200856	
621	198842	400688	199733	200737	
622	198809	398756	200746	201689	
623	199725	397606	199942	202727	
624	200716	398499	198814	201971	
625	200030	400404	198792	200774	
626	198809	400695	199707	200789	
627	198797	398780	200697	201726	
628	199696	397546	199998	202760	
629	200711	398432	198782	202075	
630	200085	400355	198764	200796	
631	198907	400737	199668	200688	
632	198703	398935	200687	201675	
633	199664	397573	200050	202713	
634	200691	398338	198885	202086	
635	199980	400324	198688	201008	
636	198948	400636	199650	200766	
637	198803	398886	200674	201637	
638	199669	397697	199962	202672	
639	200629	398420	198924	202027	
640	200004	400249	198773	200974	
641	198974	400587	199647	200792	
642	198779	398945	200602	201674	
643	199635	397724	199985	202656	
644	200642	398379	198960	202019	
645	200156	400231	198764	200849	
646	198896	400743	199615	200746	
647	198801	399000	200616	201583	
648	199626	397658	200127	202589	
649	200586	398386	198873	202155	
650	200201	400164	198785	200850	
651	198833	400740	199601	200826	
652	198808	399000	200563	201629	
653	199595	397598	200177	202630	
654	200677	398353	198823	202147	
655	200152	400242	198775	200831	
656	198799	400799	199578	200824	
657	198877	398917	200664	201542	
658	199558	397636	200135	202671	
659	200711	398395	198782	202112	
660	200020	400232	198854	200894	
661	198904	400695	199541	200860	
662	198940	398897	200691	201472	
663	199419	397821	200004	202756	
664	200735	398332	198893	202040	
665	200150	400118	198928	200804	
666	198863	400848	199404	200885	
667	198938	398976	200714	201372	
668	199373	397764	200134	202729	
669	200743	398278	198842	202137	
670	200170	400077	198922	200831	
671	198875	400874	199356	200895	
672	198898	399004	200721	201377	
673	199366	397725	200153	202756	
674	200821	398217	198851	202111	
675	200075	400145	198874	200906	
676	198869	400863	199343	200925	
677	198823	398920	200802	201455	
678	199542	397677	200061	202720	
679	200686	398341	198859	202114	
680	200178	400195	198818	200809	
681	198749	400834	199523	200894	
682	198863	398894	200672	201571	
683	199565	397579	200162	202694	
684	200701	398396	198732	202171	
685	200193	400238	198847	200722	
686	198672	400864	199549	200915	
687	198938	398829	200689	201544	
688	199512	397575	200175	202738	
689	200714	398419	198654	202213	
690	200180	400198	198921	200701	
691	198756	400862	199498	200884	
692	198859	398905	200700	201536	
693	199518	397587	200162	202733	
694	200658	398346	198743	202253	
695	200344	400146	198844	200666	
696	198603	400981	199502	200914	
697	198887	398927	200644	201542	
698	199589	397462	200337	202612	
699	200613	398455	198590	202342	
700	200313	400183	198872	200632	
701	198652	400896	199583	200869	
702	198836	398930	200600	201634	
703	199657	397454	200296	202593	
704	200557	398474	198634	202335	
705	200379	400201	198820	200600	
706	198619	400912	199654	200815	
707	198771	398968	200547	201714	
708	199734	397357	200365	202544	
709	200507	398475	198603	202415	
710	200397	400211	198754	200638	
711	198622	400870	199721	200787	
712	198765	398997	200490	201748	
713	199748	397369	200380	202503	
714	200436	398495	198617	202452	
715	200419	400158	198752	200671	
716	198641	400821	199743	200795	
717	198756	399036	200415	201793	
718	199767	397376	200406	202451	
719	200511	398495	198630	202364	
720	200361	400241	198746	200652	
721	198665	400845	199749	200741	
722	198779	399005	200492	201724	
723	199699	397419	200353	202529	
724	200566	398450	198652	202332	
725	200351	400236	198767	200646	
726	198647	400894	199683	200776	
727	198719	398977	200553	201751	
728	199758	397345	200341	202556	
729	200540	398456	198636	202368	
730	200354	400271	198709	200666	
731	198710	400871	199747	200672	
732	198598	399045	200524	201833	
733	199694	397288	200347	202671	
734	200655	398263	198698	202384	
735	200330	400318	198590	200762	
736	198801	400953	199673	200573	
737	198598	399101	200645	201656	
738	199634	397377	200308	202681	
739	200720	398203	198793	202284	
740	200322	400333	198584	200761	
741	198771	401025	199619	200585	
742	198630	399058	200714	201598	
743	199588	397365	200311	202736	
744	200669	398196	198747	202388	
745	200450	400230	198618	200702	
746	198780	401084	199578	200558	
747	198501	399203	200652	201644	
748	199581	397255	200432	202732	
749	200758	398057	198771	202414	
750	200416	400320	198484	200780	
751	198788	401145	199573	200494	
752	198463	399176	200747	201614	
753	199656	397229	200398	202717	
754	200693	398096	198778	202433	
755	200424	400330	198451	200795	
756	198766	401101	199645	200488	
757	198471	399176	200685	201668	
758	199612	397222	200416	202750	
759	200757	398068	198760	202415	
760	200389	400352	198462	200797	
761	198763	401127	199606	200504	
762	198469	399127	200746	201658	
763	199674	397202	200381	202743	
764	200774	398111	198746	202369	
765	200358	400416	198456	200770	
766	198666	401114	199655	200565	
767	198575	399004	200761	201660	
768	199670	397209	200353	202768	
769	200594	398221	198651	202534	
770	200563	400246	198558	200633	
771	198735	401131	199663	200471	
772	198369	399273	200583	201775	
773	199762	397082	200548	202608	
774	200582	398109	198725	202584	
775	200605	400322	198357	200716	
776	198765	401165	199752	200318	
777	198341	399346	200570	201743	
778	199747	397079	200595	202579	
779	200585	398070	198751	202594	
780	200635	400317	198328	200720	
781	198678	401199	199742	200381	
782	198446	399299	200575	201680	
783	199676	397113	200624	202587	
784	200548	398106	198675	202671	
785	200638	400206	198438	200718	
786	198717	401169	199668	200446	
787	198454	399344	200538	201664	
788	199585	397160	200631	202624	
789	200623	398021	198713	202643	
790	200595	400191	198447	200767	
791	198724	401206	199574	200496	
792	198487	399302	200617	201594	
793	199561	397191	200589	202659	
794	200597	398034	198713	202656	
795	200685	400140	198478	200697	
796	198646	401260	199556	200538	
797	198499	399312	200584	201605	
798	199640	397127	200676	202557	
799	200531	398119	198636	202714	
800	200695	400145	198491	200669	
801	198696	401200	199628	200476	
802	198560	399367	200517	201556	
803	199529	397233	200683	202555	
804	200532	398066	198684	202718	
805	200740	400035	198549	200676	
806	198685	401242	199517	200556	
807	198656	399403	200518	201423	
808	199456	397322	200724	202498	
809	200467	398091	198679	202763	
810	200790	399905	198643	200662	
811	198699	401240	199448	200613	
812	198592	399477	200457	201474	
813	199478	397277	200783	202462	
814	200394	398050	198694	202862	
815	200810	399850	198583	200757	
816	198782	401183	199467	200568	
817	198546	399577	200383	201494	
818	199447	397315	200800	202438	
819	200452	397975	198777	202796	
820	200879	399880	198538	200703	
821	198635	401308	199437	200620	
822	198683	399492	200443	201382	
823	199416	397302	200865	202417	
824	200422	398087	198627	202864	
825	200803	399822	198675	200700	
826	198675	401207	199412	200706	
827	198770	399461	200410	201359	
828	199361	397429	200797	202413	
829	200386	398122	198664	202828	
830	200823	399737	198765	200675	
831	198726	401187	199357	200730	
832	198610	399530	200380	201480	
833	199408	397325	200807	202460	
834	200513	398002	198723	202762	
835	200656	399903	198602	200839	
836	198845	401151	199400	200604	
837	198558	399487	200503	201452	
838	199391	397389	200648	202572	
839	200576	397939	198839	202646	
840	200697	399959	198550	200794	
841	198809	401262	199389	200540	
842	198581	399492	200570	201357	
843	199331	397373	200692	202604	
844	200572	397898	198800	202730	
845	200707	399887	198573	200833	
846	198958	401258	199325	200459	
847	198398	399649	200562	201391	
848	199410	397346	200696	202548	
849	200555	397794	198953	202698	
850	200738	399949	198393	200920	
851	198982	401277	199401	200340	
852	198404	399703	200548	201345	
853	199409	397370	200729	202492	
854	200481	397799	198974	202746	
855	200784	399875	198396	200945	
856	198853	401243	199403	200501	
857	198485	399620	200472	201423	
858	199377	397326	200771	202526	
859	200460	397842	198849	202849	
860	200911	399821	198477	200791	
861	198775	401363	199365	200497	
862	198536	399675	200456	201333	
863	199305	397297	200907	202491	
864	200502	397828	198768	202902	
865	200929	399794	198529	200748	
866	198697	401413	199299	200591	
867	198512	399608	200495	201385	
868	199391	397194	200918	202497	
869	200471	397890	198690	202949	
870	200929	399853	198504	200714	
871	198712	401386	199386	200516	
872	198558	399627	200467	201348	
873	199317	397256	200919	202508	
874	200440	397861	198708	202991	
875	200936	399746	198548	200770	
876	198756	401363	199313	200568	
877	198610	399681	200433	201276	
878	199223	397355	200930	202492	
879	200486	397823	198751	202940	
880	200837	399699	198604	200860	
881	198902	401304	199219	200575	
882	198612	399714	200480	201194	
883	199201	397498	200824	202477	
884	200451	397802	198890	202857	
885	200863	399637	198608	200892	
886	198967	401294	199194	200545	
887	198588	399811	200443	201158	
888	199111	397544	200851	202494	
889	200454	397686	198960	202900	
890	200844	399552	198584	201020	
891	199002	401287	199102	200609	
892	198508	399834	200450	201208	
893	199149	397499	200837	202515	
894	200543	397640	198997	202820	
895	200813	399678	198502	201007	
896	199008	401341	199138	200513	
897	198488	399803	200540	201169	
898	199096	397483	200801	202620	
899	200638	397569	199002	202791	
900	200766	399716	198481	201037	
901	199044	401385	199088	200483	
902	198580	399793	200628	200999	
903	199007	397609	200757	202627	
904	200534	397577	199036	202853	
905	200828	399530	198573	201069	
906	199110	401346	199004	200540	
907	198576	399923	200526	200975	
908	198946	397671	200820	202563	
909	200517	397508	199103	202872	
910	200932	399450	198568	201050	
911	199060	401432	198940	200568	
912	198592	399976	200510	200922	
913	198943	397640	200922	202495	
914	200474	397524	199054	202948	
915	200915	399403	198586	201096	
916	199078	401375	198938	200609	
917	198609	399987	200465	200939	
918	198850	397679	200910	202561	
919	200516	397444	199077	202963	
920	200947	399355	198602	201096	
921	199104	401453	198842	200601	
922	198572	400040	200513	200875	
923	198882	397662	200940	202516	
924	200447	397436	199100	203017	
925	201010	399310	198562	201118	
926	199159	401442	198874	200525	
927	198584	400164	200436	200816	
928	198775	397736	201006	202483	
929	200474	397341	199158	203027	
930	201017	399232	198578	201173	
931	199191	401478	198763	200568	
932	198666	400198	200469	200667	
933	198674	397845	201009	202472	
934	200478	397321	199189	203012	
935	201013	399134	198656	201197	
936	199214	401472	198665	200649	
937	198677	400212	200469	200642	
938	198665	397880	201003	202452	
939	200365	397330	199209	203096	
940	201023	399020	198671	201286	
941	199326	401381	198659	200634	
942	198622	400336	200361	200681	
943	198689	397933	201020	202358	
944	200398	397297	199316	202989	
945	200902	399071	198617	201410	
946	199439	401290	198680	200591	
947	198546	400336	200391	200727	
948	198794	397980	200899	202327	
949	200337	397338	199437	202888	
950	200876	399130	198543	201451	
951	199472	401207	198795	200526	
952	198481	400339	200335	200845	
953	198812	397942	200872	202374	
954	200378	397284	199467	202871	
955	200857	399180	198475	201488	
956	199506	401225	198809	200460	
957	198496	400351	200371	200782	
958	198794	397992	200854	202360	
959	200361	397285	199497	202857	
960	200885	399144	198495	201476	
961	199462	401232	198790	200516	
962	198558	400336	200354	200752	
963	198865	398010	200878	202247	
964	200311	397409	199458	202822	
965	200860	399161	198552	201427	
966	199399	401159	198857	200585	
967	198551	400250	200304	200895	
968	198885	397943	200855	202317	
969	200366	397430	199395	202809	
970	200720	399245	198548	201487	
971	199453	401077	198882	200588	
972	198604	400164	200363	200869	
973	198791	398048	200714	202447	
974	200564	397384	199450	202602	
975	200614	399343	198598	201445	
976	199392	401168	198786	200654	
977	198628	400000	200557	200815	
978	198799	398015	200611	202575	
979	200515	397416	199389	202680	
980	200598	399298	198626	201478	
981	199469	401098	198790	200643	
982	198647	400048	200508	200797	
983	198713	398102	200590	202595	
984	200630	397353	199458	202559	
985	200502	399332	198644	201522	
986	199540	401118	198709	200633	
987	198658	400032	200623	200687	
988	198644	398199	200495	202662	
989	200677	397303	199537	202483	
990	200451	399316	198662	201571	
991	199570	401120	198641	200669	
992	198661	400013	200675	200651	
993	198665	398224	200445	202666	
994	200609	397318	199568	202505	
995	200422	399264	198656	201658	
996	199596	401018	198662	200724	
997	198673	400009	200602	200716	
998	198673	398262	200416	202649	
999	200646	397335	199593	202426	
1000	200347	399307	198669	201677	
1001	199656	400984	198666	200694	
1002	198645	399993	200641	200721	
1003	198685	398288	200343	202684	
1004	200732	397320	199650	202298	
1005	200226	399413	198638	201723	
1006	199711	400949	198682	200658	
1007	198647	399927	200731	200695	
1008	198632	398352	200218	202798	
1009	200825	397270	199709	202196	
1010	200096	399450	198643	201811	
1011	199743	400913	198627	200717	
1012	198712	399830	200823	200635	
1013	198687	398449	200090	202774	
1014	200745	397394	199740	202121	
1015	200097	399424	198709	201770	
1016	199738	400832	198685	200745	
1017	198724	399828	200739	200709	
1018	198608	398457	200093	202842	
1019	200762	397329	199735	202174	
1020	200178	399362	198722	201738	
1021	199744	400921	198607	200728	
1022	198718	399905	200755	200622	
1023	198651	398452	200166	202731	
1024	200690	397361	199739	202210	
1025	200180	399337	198713	201770	
1026	199767	400867	198648	200718	
1027	198705	399939	200689	200667	
1028	198676	398462	200178	202684	
1029	200592	397374	199761	202273	
1030	200336	399258	198701	201705	
1031	199666	400916	198673	200745	
1032	198831	399989	200585	200595	
1033	198605	398484	200331	202580	
1034	200579	397428	199658	202335	
1035	200251	399178	198826	201745	
1036	199755	400817	198602	200826	
1037	198852	399992	200576	200580	
1038	198617	398602	200241	202540	
1039	200517	397461	199751	202271	
1040	200298	399124	198851	201727	
1041	199626	400809	198610	200955	
1042	198940	399913	200514	200633	
1043	198595	398557	200295	202553	
1044	200593	397531	199618	202258	
1045	200205	399181	198939	201675	
1046	199720	400786	198592	200902	
1047	198963	399916	200589	200532	
1048	198531	398679	200197	202593	
1049	200517	397490	199719	202274	