%Iteration	Healthy	Infected_1	Infected_2	Dead	
%pHIV=	[5, 10000]	; pINF=	[974, 10000000]	

0	999459	541	0	0	
1	990287	9713	0	0	
2	950624	49376	0	0	
3	865885	124402	9713	0	
4	731170	219454	39663	9713	
5	570788	304710	84739	39763	
6	430440	349729	134715	85116	
7	357021	337379	169995	135605	
8	377592	271355	179734	171319	
9	479142	181793	157645	181420	
10	624538	102337	113710	159415	
11	762673	53904	68083	115340	
12	858121	38373	34254	69252	
13	900235	45137	19650	34978	
14	896859	64420	18723	19998	
15	865459	89205	26414	18922	
16	819329	116062	38006	26603	
17	768238	142292	51199	38271	
18	718267	165275	64863	51595	
19	676218	180983	77429	65370	
20	646690	187375	87846	78089	
21	630653	187611	93137	88599	
22	628881	182847	94238	94034	
23	638449	172961	93373	95217	
24	655210	160951	89474	94365	
25	674995	151079	83487	90439	
26	693801	144336	77464	84399	
27	706385	141679	73615	78321	
28	711614	143271	70721	74394	
29	708976	148591	70958	71475	
30	696282	159766	72313	71639	
31	673326	177353	76278	73043	
32	640276	199252	83488	76984	
33	601571	220272	93865	84292	
34	564986	234950	105387	94677	
35	535093	243679	114885	106343	
36	514679	249331	120065	115925	
37	500942	254201	123614	121243	
38	491721	257717	125717	124845	
39	485567	258973	128484	126976	
40	480895	260137	129233	129735	
41	478956	260807	129740	130497	
42	474717	263848	130397	131038	
43	468055	269867	130410	131668	
44	458613	276226	133438	131723	
45	443660	285198	136429	134713	
46	427196	295138	139797	137869	
47	409240	304189	145401	141170	
48	390934	312464	149737	146865	
49	376658	317653	154452	151237	
50	363116	322893	158012	155979	
51	351760	329030	159641	159569	
52	340460	335110	163252	161178	
53	327055	342263	165778	164904	
54	313590	349621	169332	167457	
55	298950	357123	172931	170996	
56	286384	362284	176690	174642	
57	278304	362872	180433	178391	
58	272079	363838	181851	182232	
59	267804	367535	181021	183640	
60	261796	372460	182817	182927	
61	253373	377298	184718	184611	
62	246937	378738	187742	186583	
63	239885	380889	189556	189670	
64	234212	385146	189182	191460	
65	229274	387914	191707	191105	
66	223491	389476	193439	193594	
67	221277	388837	194475	195411	
68	218944	389595	195001	196460	
69	216441	392744	193836	196979	
70	213579	394845	195759	195817	
71	209357	396011	196985	197647	
72	208074	395135	197860	198931	
73	207058	394916	198151	199875	
74	206271	396631	196984	200114	
75	205165	398015	197932	198888	
76	202390	398851	198699	200060	
77	202568	397416	199316	200700	
78	202107	397037	199535	201321	
79	202105	398506	197881	201508	
80	201372	399518	199156	199954	
81	199068	400377	199350	201205	
82	199724	398768	200168	201340	
83	199721	397839	200209	202231	
84	200637	398575	198559	202229	
85	200619	399529	199280	200572	
86	198898	400468	199295	201339	
87	199761	398757	200234	201248	
88	199624	397921	200234	202221	
89	200538	398669	198523	202270	
90	200580	399475	199398	200547	
91	198937	400446	199271	201346	
92	199689	398847	200204	201260	
93	199549	397951	200242	202258	
94	200558	398568	198605	202269	
95	200563	399439	199346	200652	
96	198913	400453	199222	201412	
97	199661	398846	200217	201276	
98	199538	397957	200236	202269	
99	200567	398588	198610	202235	
100	200455	399531	199347	200667	
101	198969	400457	199241	201333	
102	199605	398840	200290	201265	
103	199599	397964	200167	202270	
104	200584	398544	198673	202199	
105	200553	399473	199291	200683	
106	199036	400414	199253	201297	
107	199638	398889	200220	201253	
108	199579	397979	200194	202248	
109	200571	398533	198695	202201	
110	200492	399493	199284	200731	
111	198974	400430	199249	201347	
112	199629	398835	200244	201292	
113	199602	397950	200186	202262	
114	200582	398602	198649	202167	
115	200389	399621	199301	200689	
116	198866	400454	199301	201379	
117	199568	398708	200320	201404	
118	199784	397844	200134	202238	
119	200591	398711	198574	202124	
120	200456	399680	199270	200594	
121	198919	400369	199441	201271	
122	199610	398741	200239	201410	
123	199661	397936	200130	202273	
124	200415	398751	198611	202223	
125	200393	399590	199325	200692	
126	198923	400261	199426	201390	
127	199758	398641	200164	201437	
128	199794	397893	200097	202216	
129	200590	398734	198544	202132	
130	200585	399574	199349	200492	
131	198856	400398	199385	201361	
132	199700	398682	200189	201429	
133	199835	397759	200209	202197	
134	200567	398726	198473	202234	
135	200512	399657	199286	200545	
136	198872	400401	199440	201287	
137	199597	398780	200217	201406	
138	199677	397934	200184	202205	
139	200472	398763	198596	202169	
140	200479	399633	199338	200550	
141	198899	400422	199425	201254	
142	199456	398866	200208	201470	
143	199613	397839	200214	202334	
144	200470	398522	198652	202356	
145	200683	399483	199187	200647	
146	199115	400468	199335	201082	
147	199522	399049	200148	201281	
148	199499	397952	200320	202229	
149	200416	398496	198729	202359	
150	200615	399440	199223	200722	
151	198978	400555	199273	201194	
152	199501	399125	200167	201207	
153	199401	398011	200388	202200	
154	200327	398492	198737	202444	
155	200594	399358	199274	200774	
156	198881	400541	199218	201360	
157	199559	399079	200140	201222	
158	199406	398036	200401	202157	
159	200320	398548	198678	202454	
160	200684	399287	199358	200671	
161	198849	400540	199190	201421	
162	199673	399068	200097	201162	
163	199291	398079	200443	202187	
164	200351	398538	198625	202486	
165	200704	399215	199454	200627	
166	198875	400609	199084	201432	
167	199580	399142	200131	201147	
168	199314	398024	200478	202184	
169	200378	398490	198664	202468	
170	200708	399310	199360	200622	
171	198864	400670	199130	201336	
172	199606	399133	200180	201081	
173	199274	398053	200490	202183	
174	200422	398511	198643	202424	
175	200694	399318	199410	200578	
176	198775	400707	199101	201417	
177	199670	399032	200217	201081	
178	199342	397979	200490	202189	
179	200479	398540	198542	202439	
180	200635	399355	199437	200573	
181	198813	400681	199103	201403	
182	199570	399048	200252	201130	
183	199273	398023	200429	202275	
184	200414	398491	198619	202476	
185	200766	399312	199404	200518	
186	198754	400777	199087	201382	
187	199590	399115	200225	201070	
188	199289	397950	200552	202209	
189	200339	398484	198563	202614	
190	200758	399239	199387	200616	
191	198809	400715	199097	201379	
192	199482	399166	200142	201210	
193	199448	397858	200573	202121	
194	200294	398503	198593	202610	
195	200773	399343	199265	200619	
196	198925	400652	199238	201185	
197	199410	399260	200105	201225	
198	199461	397911	200547	202081	
199	200247	398449	198713	202591	