%Iteration	Healthy	Infected_1	Infected_2	Dead	
0	950000	50000	0	0	
1	376687	573313	50000	0	
2	8037	368650	623313	0	
3	2	8035	941963	50000	
4	49495	2	376685	573818	
5	617533	3	8037	374427	
6	988062	37	5	11896	
7	999602	245	40	113	
8	999022	691	282	5	
9	997654	1373	936	37	
10	995395	2296	2064	245	
11	992175	3459	3669	697	
12	988003	4862	5755	1380	
13	982866	6505	8321	2308	
14	976987	8166	11367	3480	
15	970383	10047	14671	4899	
16	963114	12123	18213	6550	
17	955276	14312	22170	8242	
18	946803	16641	26435	10121	
19	937709	19110	30953	12228	
20	928086	21715	35751	14448	
21	917939	24456	40825	16780	
22	907202	27361	46171	19266	
23	895833	30446	51817	21904	
24	883850	33691	57807	24652	
25	871169	37076	64137	27618	
26	858097	40374	70767	30762	
27	845245	43314	77450	33991	
28	834117	44775	83688	37420	
29	824352	46803	88089	40756	
30	816965	47722	91578	43735	
31	813600	46678	94525	45197	
32	813030	45297	94400	47273	
33	814511	45346	91975	48168	
34	819869	42284	90643	47204	
35	825743	40885	87630	45742	
36	831864	39185	83169	45782	
37	839544	37613	80070	42773	
38	845254	36639	76798	41309	
39	850269	35908	74252	39571	
40	854060	35389	72547	38004	
41	856690	34991	71297	37022	
42	858897	34447	70380	36276	
43	861114	33680	69438	35768	
44	863242	33270	68127	35361	
45	865768	32496	66950	34786	
46	868129	32120	65766	33985	
47	869553	32245	64616	33586	
48	871629	31181	64365	32825	
49	872969	31149	63426	32456	
50	873212	31902	62330	32556	
51	872385	33025	63051	31539	
52	868797	34813	64927	31463	
53	863203	36724	67838	32235	
54	856071	39002	71537	33390	
55	847916	41184	75726	35174	
56	839809	42917	80186	37088	
57	832144	44384	84101	39371	
58	824447	46654	87301	41598	
59	817343	48267	91038	43352	
60	810123	50147	94921	44809	
61	804084	50402	98414	47100	
62	800746	49986	100549	48719	
63	798115	50840	100388	50657	
64	796539	51759	100826	50876	
65	796200	50674	102599	50527	
66	796524	49742	102433	51301	
67	796995	50296	100416	52293	
68	799544	49237	100038	51181	
69	800642	49610	99533	50215	
70	801054	49284	98847	50815	
71	803474	47919	98894	49713	
72	804646	48036	97203	50115	
73	806249	48015	95955	49781	
74	807075	48442	96051	48432	
75	805785	49235	96457	48523	
76	804638	49211	97677	48474	
77	803212	49455	98446	48887	
78	802851	48758	98666	49725	
79	802727	49347	98213	49713	
80	801901	50072	98105	49922	
81	800818	50475	99419	49288	
82	797797	51844	100547	49812	
83	794374	52768	102319	50539	
84	791382	53027	104612	50979	
85	788471	53376	105795	52358	
86	786262	54064	106403	53271	
87	786622	52411	107440	53527	
88	788749	50869	106475	53907	
89	792698	49428	103280	54594	
90	799547	47209	100297	52947	
91	805781	46163	96637	51419	
92	812653	43998	93372	49977	
93	820991	41158	90161	47690	
94	826458	41747	85156	46639	
95	829934	42700	82905	44461	
96	829655	44291	84447	41607	
97	824346	46475	86991	42188	
98	817039	49058	90766	43137	
99	808448	51271	95533	44748	
100	800548	52188	100329	46935	
101	793252	53798	103459	49491	
102	786922	55316	105986	51776	
103	782186	56027	109114	52673	
104	777859	56446	111343	54352	
105	775234	56438	112473	55855	
106	773069	57438	112884	56609	
107	772013	57113	113876	56998	
108	772202	56217	114551	57030	
109	772165	56496	113330	58009	
110	773631	55929	112713	57727	
111	776836	53951	112425	56788	
112	779625	53419	109880	57076	
113	783295	52839	107370	56496	
114	787892	51302	106258	54548	
115	788982	52893	104141	53984	
116	787927	54520	104195	53358	
117	785965	54750	107413	51872	
118	781870	55458	109270	53402	
119	779720	55021	110208	55051	
120	779523	54698	110479	55300	
121	782790	51470	109719	56021	
122	789867	48408	106168	55557	
123	800425	44466	99878	55231	
124	815548	39571	92874	52007	
125	832010	35045	84037	48908	
126	849942	30475	74616	44967	
127	867847	26602	65520	40031	
128	884606	22873	57077	35444	
129	899558	20187	49475	30780	
130	911357	18676	43060	26907	
131	919869	18133	38863	23135	
132	924448	18342	36809	20401	
133	925894	18766	36475	18865	
134	925145	19438	37108	18309	
135	923214	20066	38204	18516	
136	920343	21201	39504	18952	
137	916563	22530	41267	19640	
138	911883	24119	43731	20267	
139	906173	25787	46649	21391	
140	899667	27690	49906	22737	
141	892678	29515	53477	24330	
142	885292	31469	57205	26034	
143	877551	33489	60984	27976	
144	869672	35576	64958	29794	
145	861549	37592	69065	31794	
146	855814	37204	73168	33814	
147	851089	38217	74796	35898	
148	847412	39245	75421	37922	
149	844702	40236	77462	37600	
150	840664	41258	79481	38597	
151	836623	42282	81494	39601	
152	832497	43345	83540	40618	
153	829135	43587	85627	41651	
154	827004	43385	86932	42679	
155	826609	42636	86972	43783	
156	828561	41390	86021	44028	
157	832427	39746	84026	43801	
158	838320	37465	81136	43079	
159	844675	36302	77211	41812	
160	850327	35736	73767	40170	
161	857350	32764	72038	37848	
162	865979	28820	68500	36701	
163	873164	29144	61584	36108	
164	878622	30308	57964	33106	
165	879824	31566	59452	29158	
166	875710	33004	61874	29412	
167	870816	34008	64570	30606	
168	865664	35436	67012	31888	
169	859775	37440	69444	33341	
170	853107	39688	72876	34329	
171	845816	41268	77128	35788	
172	837908	43334	80956	37802	
173	829716	45610	84602	40072	
174	821735	47673	88944	41648	
175	813880	49085	93283	43752	
176	807142	50016	96758	46084	
177	801215	51526	99101	48158	
178	796431	52490	101542	49537	
179	792900	52574	104016	50510	
180	789957	52968	105064	52011	
181	791147	50277	105542	53034	
182	793832	49814	103245	53109	
183	797728	48673	100091	53508	
184	804140	46528	98487	50845	
185	809214	45258	95201	50327	
186	815100	43924	91786	49190	
187	822266	41553	89182	46999	
188	832734	36055	85477	45734	
189	841578	36404	77608	44410	
190	848463	37064	72459	42014	
191	852192	37825	73468	36515	
192	849867	38497	74889	36747	
193	847641	38604	76322	37433	
194	846238	38450	77101	38211	
195	845111	38953	77054	38882	
196	844217	39396	77403	38984	
197	842779	40022	78349	38850	
198	840098	41130	79418	39354	
199	836874	42191	81152	39783	
200	833866	42410	83321	40403	
201	831268	42596	84601	41535	
202	831943	40413	85006	42638	
203	836379	37784	83009	42828	
204	842253	36533	78197	43017	
205	850025	34825	74317	40833	
206	856804	33657	71358	38181	
207	864628	29967	68482	36923	
208	873499	27660	63624	35217	
209	882542	25827	57627	34004	
210	892226	23954	53487	30333	
211	898764	23527	49781	27928	
212	902731	23666	47481	26122	
213	903574	25031	47193	24202	
214	900527	27010	48697	23766	
215	894889	29182	52041	23888	
216	886929	31618	56192	25261	
217	877609	34330	60800	27261	
218	867461	37124	65948	29467	
219	857067	39533	71454	31946	
220	846438	42247	76657	34658	
221	836568	44188	81780	37464	
222	827494	46146	86435	39925	
223	819426	47570	90334	42670	
224	814141	47538	93716	44605	
225	811650	46627	95108	46615	
226	812684	45073	94165	48078	
227	816248	44033	91700	48019	
228	822133	41634	89106	47127	
229	828741	40042	85667	45550	
230	835312	38516	81676	44496	
231	842073	37250	78558	42119	
232	847145	36597	75766	40492	
233	852230	35007	73847	38916	
234	857536	33197	71604	37663	
235	863870	30958	68204	36968	
236	870826	29645	64155	35374	
237	877478	28376	60603	33543	
238	883470	27210	58021	31299	
239	889902	24532	55586	29980	
240	895181	24386	51742	28691	
241	898547	25030	48918	27505	
242	899718	26079	49416	24787	
243	896453	27819	51109	24619	
244	890747	30069	53898	25286	
245	883100	32675	57888	26337	
246	873435	35737	62744	28084	
247	862132	39109	68412	30347	
248	850253	41913	74846	32988	
249	838701	44177	81022	36100	
250	828564	45871	86090	39475	
251	819863	47767	90048	42322	
252	812347	49410	93638	44605	
253	805532	50966	97177	46325	
254	802203	49198	100376	48223	
255	801487	48452	100164	49897	
256	804477	46406	97650	51467	
257	811428	43967	94858	49747	
258	816866	43847	90373	48914	
259	821140	44161	87814	46885	
260	822926	44619	88008	44447	
261	822381	44562	88780	44277	
262	821765	44451	89181	44603	
263	821299	44636	89013	45052	
264	820669	45234	89087	45010	
265	819312	45928	89870	44890	
266	817831	45908	91162	45099	
267	815567	46933	91836	45664	
268	812534	48266	92841	46359	
269	808792	49642	95199	46367	
270	803953	50747	97908	47392	
271	798510	52355	100389	48746	
272	792774	54019	103102	50105	
273	787090	55289	106374	51247	
274	781370	56456	109308	52866	
275	777269	56463	111745	54523	
276	774958	56279	112919	55844	
277	774754	55491	112742	57013	
278	778198	52998	111770	57034	
279	783986	50681	108489	56844	
280	791251	49049	103679	56021	
281	799995	46691	99730	53584	
282	809239	43815	95740	51206	
283	819172	40783	90506	49539	
284	829913	38317	84598	47172	
285	841238	35364	79100	44298	
286	852649	32434	73681	41236	
287	861865	31634	67798	38703	
288	869027	31180	64068	35725	
289	873016	31379	62814	32791	
290	872582	32929	62559	31930	
291	869456	34737	64308	31499	
292	863995	36636	67666	31703	
293	856872	38510	71373	33245	
294	849833	39941	75146	35080	
295	843191	41358	78451	37000	
296	836728	43109	81299	38864	
297	830365	44810	84467	40358	
298	824052	46288	87919	41741	
299	818286	47097	91098	43519	
300	815240	46095	93385	45280	
301	814655	45391	93192	46762	
302	816044	44905	91486	47565	
303	818537	44598	90296	46569	
304	820157	44467	89503	45873	
305	821899	43685	89065	45351	
306	825322	41474	88152	45052	
307	830182	39778	85159	44881	
308	836453	38178	81252	44117	
309	843452	36648	77956	41944	
310	851623	33362	74826	40189	
311	860052	31344	70010	38594	
312	866484	31789	64706	37021	
313	870888	32244	63133	33735	
314	871280	33001	64033	31686	
315	868509	34134	65245	32112	
316	864606	35699	67135	32560	
317	859348	37493	69833	33326	
318	853005	39316	73192	34487	
319	846282	40854	76809	36055	
320	839239	42723	80170	37868	
321	831773	44977	83577	39673	
322	824048	47015	87700	41237	
323	816415	48452	91992	43141	
324	809922	49228	95467	45383	
325	805245	49607	97680	47468	
326	801460	50780	98835	48925	
327	797958	51963	100387	49692	
328	795647	51531	102743	50079	
329	793992	51195	103494	51319	
330	792844	51975	102726	52455	
331	792115	52667	103170	52048	
332	789813	53846	104642	51699	
333	785409	55563	106513	52515	
334	781012	56422	109409	53157	
335	776415	57203	111985	54397	
336	771194	59082	113625	56099	
337	765268	61437	116285	57010	
338	758743	62979	120519	57759	
339	752449	63477	124416	59658	
340	747423	64083	126456	62038	
341	744065	64752	127560	63623	
342	742176	64886	128835	64103	
343	740766	64874	129638	64722	
344	738455	66406	129760	65379	
345	735891	67225	131280	65604	
346	733568	67244	133631	65557	
347	734906	63569	134469	67056	
348	739681	61592	130813	67914	
349	748066	58852	125161	67921	
350	759928	55371	120444	64257	
351	771157	52393	114223	62227	
352	781437	51326	107764	59473	
353	790364	49934	103719	55983	
354	796802	49012	101260	52926	
355	801593	47542	98946	51919	
356	804889	48090	96554	50467	
357	806561	48299	95632	49508	
358	806720	48811	96389	48080	
359	805834	48457	97110	48599	
360	807090	46850	97268	48792	
361	810590	44780	95307	49323	
362	815890	43524	91630	48956	
363	823264	41088	88304	47344	
364	830973	39194	84612	45221	
365	838500	37228	80282	43990	
366	846568	35497	76422	41513	
367	853549	34147	72725	39579	
368	859277	33453	69644	37626	
369	863050	33493	67600	35857	
370	866406	32168	66946	34480	
371	868159	32378	65661	33802	
372	868627	32976	64546	33851	
373	868759	33401	65354	32486	
374	866638	34301	66377	32684	
375	863158	35847	67702	33293	
376	858163	37948	70148	33741	
377	851410	40155	73795	34640	
378	843318	42383	78103	36196	
379	834024	45131	82538	38307	
380	824717	47236	87514	40533	
381	814858	50009	92367	42766	
382	804424	52789	97245	45542	
383	793727	55774	102798	47701	
384	782374	58589	108563	50474	
385	771094	61250	114363	53293	
386	759924	63948	119839	56289	
387	749635	65992	125198	59175	
388	740501	67718	129940	61841	
389	733933	67813	133710	64544	
390	731887	65924	135531	66658	
391	735128	62753	133737	68382	
392	742851	59997	128677	68475	
393	751167	59442	122750	66641	
394	761626	55518	119439	63417	
395	770598	53839	114960	60603	
396	777235	53305	109357	60103	
397	782954	53753	107144	56149	
398	783939	54605	107058	54398	
399	781276	56534	108358	53832	
400	775918	58639	111139	54304	
401	769451	60231	115173	55145	
402	764541	59488	118870	57101	
403	761336	59729	119719	59216	
404	759611	60333	119217	60839	
405	759243	60591	120062	60104	
406	757951	60796	120924	60329	
407	756424	61251	121387	60938	
408	754795	61941	122047	61217	
409	754793	60588	123192	61427	
410	757315	58306	122529	61850	
411	762560	56010	118894	62536	
412	769416	55069	114316	61199	
413	774683	55300	111079	58938	
414	777132	55882	110369	56617	
415	776733	56484	111182	55601	
416	774970	56841	112366	55823	
417	772720	57521	113325	56434	
418	768616	59945	114362	57077	
419	763040	62074	117466	57420	
420	755682	64194	122019	58105	
421	750107	63090	126268	60535	
422	748409	61629	127284	62678	
423	752452	58033	124719	64796	
424	760717	55836	119662	63785	
425	771117	52701	113869	62313	
426	786960	45866	108537	58637	
427	804585	40436	98567	56412	
428	823263	37171	86302	53264	
429	842681	33275	77607	46437	
430	857271	31339	70446	40944	
431	865347	32441	64614	37598	
432	868541	34008	63780	33671	
433	865592	36273	66449	31686	
434	858087	38837	70281	32795	
435	849489	41039	75110	34362	
436	840849	42659	79876	36616	
437	832497	44587	83698	39218	
438	825293	46041	87246	41420	
439	821372	44902	90628	43098	
440	818893	45126	90943	45038	
441	818438	45054	90028	46480	
442	821363	43078	90180	45379	
443	824398	41884	88132	45586	
444	828944	40600	84962	45494	
445	834691	39294	82484	43531	
446	839642	38130	79894	42334	
447	844573	36957	77424	41046	
448	849069	36118	75087	39726	
449	856152	32232	73075	38541	
450	864865	29443	68350	37342	
451	871699	30123	61675	36503	
452	877146	30692	59566	32596	
453	877673	31719	60815	29793	
454	874427	32739	62411	30423	
455	870438	34107	64458	30997	
456	865142	35983	66846	32029	
457	859343	37496	70090	33071	
458	852389	39685	73479	34447	
459	844251	42217	77181	36351	
460	835098	45168	81902	37832	
461	824790	47767	87385	40058	
462	814089	50359	92935	42617	
463	803657	52608	98126	45609	
464	794559	54227	102967	48247	
465	787137	55171	106835	50857	
466	782537	54952	109398	53113	
467	780848	54265	110123	54764	
468	783084	51996	109217	55703	
469	789325	48913	106261	55501	
470	799646	44646	100909	54799	
471	811907	42019	93559	52515	
472	823631	40284	86665	49420	
473	834871	37695	82303	45131	
474	842677	36880	77979	42464	
475	849230	35471	74575	40724	
476	853726	35817	72351	38106	
477	854406	37044	71288	37262	
478	853286	38004	72861	35849	
479	849729	39031	75048	36192	
480	845403	40138	77035	37424	
481	841141	41304	79169	38386	
482	836587	42564	81442	39407	
483	831922	43676	83868	40534	
484	827187	44886	86240	41687	
485	823150	45317	88562	42971	
486	820407	45283	90203	44107	
487	818506	45605	90600	45289	
488	818064	45272	90888	45776	
489	818652	44694	90877	45777	
490	820860	43111	89966	46063	
491	823909	42542	87805	45744	
492	827411	41797	85653	45139	
493	831643	40446	84339	43572	
494	837292	37486	82243	42979	
495	844638	35212	77932	42218	
496	852849	33582	72698	40871	
497	861606	31722	68794	37878	
498	869738	29351	65304	35607	
499	876447	28554	61073	33926	
500	882509	27550	57905	32036	
501	886496	27751	56104	29649	
502	887379	28455	55301	28865	
503	886143	29791	56206	27860	
504	883420	30279	58246	28055	
505	879898	31335	60070	28697	
506	875569	32747	61614	30070	
507	870866	34411	64082	30641	
508	865235	35962	67158	31645	
509	858799	37756	70373	33072	
510	851927	39621	73718	34734	
511	845238	41082	77377	36303	
512	838463	42707	80703	38127	
513	831753	44452	83789	40006	
514	825766	45580	87159	41495	
515	819675	47175	90032	43118	
516	817068	45287	92755	44890	
517	817498	43991	92462	46049	
518	818894	44220	89278	47608	
519	821231	44791	88211	45767	
520	821838	44711	89011	44440	
521	820841	45011	89502	44646	
522	819860	45180	89722	45238	
523	819562	45054	90191	45193	
524	820777	43555	90234	45434	
525	822710	43024	88609	45657	
526	825605	42305	86579	45511	
527	828569	42048	85329	44054	
528	829268	42878	84353	43501	
529	828589	43732	84926	42753	
530	826738	44178	86610	42474	
531	824278	44523	87910	43289	
532	821882	45292	88701	44125	
533	818784	46796	89815	44605	
534	814406	48538	92088	44968	
535	808808	50121	95334	45737	
536	803139	50980	98659	47222	
537	797175	52700	101101	49024	
538	791758	53907	103680	50655	
539	786395	55485	106607	51513	
540	780560	56851	109392	53197	
541	774555	58676	112336	54433	
542	768706	59781	115527	55986	
543	763515	60606	118457	57422	
544	759207	61154	120387	59252	
545	756485	61409	121760	60346	
546	756009	60190	122563	61238	
547	759246	57400	121599	61755	
548	767623	52761	117590	62026	
549	779644	49426	110161	60769	
550	793514	46291	102187	58008	
551	806219	44721	95717	53343	
552	812822	46201	91012	49965	
553	814335	47981	90922	46762	
554	810359	50289	94182	45170	
555	802688	52427	98270	46615	
556	797064	51792	102716	48428	
557	793888	51106	104219	50787	
558	794758	49387	102898	52957	
559	799947	47214	100493	52346	
560	807466	44323	96601	51610	
561	816706	41903	91537	49854	
562	826742	39306	86226	47726	
563	837351	36646	81209	44794	
564	849760	31951	75952	42337	
565	862730	28923	68597	39750	
566	875482	26633	60874	37011	
567	890152	21965	55556	32327	
568	899255	22888	48598	29259	
569	903226	25019	44853	26902	
570	902093	27742	47907	22258	
571	893779	30342	52761	23118	
572	883978	32687	58084	25251	
573	873421	35539	63029	28011	
574	863097	38078	68226	30599	
575	853114	40260	73617	33009	
576	843394	42393	78338	35875	
577	834434	44489	82653	38424	
578	826351	46078	86882	40689	
579	819261	47393	90567	42779	
580	813037	48545	93471	44947	
581	807731	49775	95938	46556	
582	803198	50612	98320	47870	
583	799315	51262	100387	49036	
584	796716	51145	101874	50265	
585	797386	49090	102407	51117	
586	800790	47192	100235	51783	
587	807283	44791	96282	51644	
588	815750	42667	91983	49600	
589	823825	41050	87458	47667	
590	831319	39707	83717	45257	
591	837714	38414	80757	43115	
592	842653	37753	78121	41473	
593	846362	37370	76167	40101	
594	848481	37588	75123	38808	
595	848959	37966	74958	38117	
596	847780	38930	75554	37736	
597	844478	40636	76896	37990	
598	839253	42826	79566	38355	
599	833228	44015	83462	39295	
600	826221	45915	86841	41023	
601	818847	48004	89930	43219	
602	812015	49602	93919	44464	
603	804595	51425	97606	46374	
604	797788	52709	101027	48476	
605	793658	52117	104134	50091	
606	791941	51303	104826	51930	
607	791737	51617	103420	53226	
608	792992	51449	102920	52639	
609	794165	50949	103066	51820	
610	795132	50311	102398	52159	
611	796389	50381	101260	51970	
612	797614	50202	100692	51492	
613	799653	48941	100583	50823	
614	802297	47664	99143	50896	
615	807428	45271	96605	50696	
616	812251	45381	92935	49433	
617	816814	44373	90652	48161	
618	819802	44704	89754	45740	
619	819338	45733	89077	45852	
620	817850	46878	90437	44835	
621	813255	48978	92611	45156	
622	806758	51155	95856	46231	
623	799903	52633	100133	47331	
624	791834	54919	103788	49459	
625	783599	57182	107552	51667	
626	775808	58945	112101	53146	
627	767948	60485	116127	55440	
628	759751	63078	119430	57741	
629	751570	65340	123563	59527	
630	745097	65420	128418	61065	
631	738784	66744	130760	63712	
632	736880	64983	132164	65973	
633	737333	64872	131727	66068	
634	740440	62295	129855	67410	
635	746200	60961	127167	65672	
636	752417	58810	123256	65517	
637	760634	56659	119771	62936	
638	770668	52283	115469	61580	
639	782394	49227	108942	59437	
640	793890	47322	101510	57278	
641	804867	45730	96549	52854	
642	812088	45079	93052	49781	
643	816744	44638	90809	47809	
644	821326	42774	89717	46183	
645	824576	42453	87412	45559	
646	827460	42224	85227	45089	
647	831065	41050	84677	43208	
648	834259	39569	83274	42898	
649	837535	39185	80619	42661	
650	840534	39203	78754	41509	
651	842077	39569	78388	39966	
652	843930	37702	78772	39596	
653	845860	37280	77271	39589	
654	853057	31990	74982	39971	
655	859535	33140	69270	38055	
656	861943	35260	65130	37667	
657	861640	37609	68400	32351	
658	853305	40369	72869	33457	
659	842773	43655	77978	35594	
660	830800	47243	84024	37933	
661	817032	51319	90898	40751	
662	801822	55542	98562	44074	
663	786278	59162	106861	47699	
664	770729	62761	114704	51806	
665	756397	65638	121923	56042	
666	746286	65579	128399	59736	
667	740571	64859	131217	63353	
668	738272	65042	130438	66248	
669	739526	64368	129901	66205	
670	744519	60546	129410	65525	
671	751314	58100	124914	65672	
672	763154	53174	118646	65026	
673	779914	47587	111274	61225	
674	796326	44193	100761	58720	
675	812005	42459	91780	53756	
676	822951	42303	86652	48094	
677	827479	43067	84762	44692	
678	828621	43105	85370	42904	
679	826393	44739	86172	42696	
680	821234	47446	87844	43476	
681	814224	50070	92185	43521	
682	804726	52602	97516	45156	
683	794578	54853	102672	47897	
684	785676	56340	107455	50529	
685	778921	56820	111193	53066	
686	774901	56572	113160	55367	
687	775940	53762	113392	56906	
688	780731	51541	110334	57394	
689	794140	43400	105303	57157	
690	809890	40850	94941	54319	
691	825147	38533	84250	52070	
692	840032	36647	79383	43938	
693	848646	34900	75180	41274	
694	855155	34344	71547	38954	
695	859974	33737	69244	37045	
696	863484	33125	68081	35310	
697	864656	33789	66862	34693	
698	864180	34797	66914	34109	
699	861639	36302	68586	33473	
700	857187	37582	71099	34132	
701	851866	39119	73884	35131	
702	846030	40630	76701	36639	
703	840479	41805	79749	37967	
704	835252	42818	82435	39495	
705	830907	43438	84623	41032	
706	827922	43573	86256	42249	
707	825509	44242	87011	43238	
708	823923	44373	87815	43889	
709	823319	44051	88615	44015	
710	823020	43887	88424	44669	
711	823446	43798	87938	44818	
712	824524	43314	87685	44477	
713	825520	43041	87112	44327	
714	826886	42517	86355	44242	
715	828349	42362	85558	43731	
716	829967	41667	84879	43487	
717	833008	40030	84029	42933	
718	836684	38819	81697	42800	
719	840969	38058	78849	42124	
720	846444	36228	76877	40451	
721	850715	35766	74286	39233	
722	853109	36453	71994	38444	
723	853510	37645	72219	36626	
724	850821	38966	74098	36115	
725	845921	40638	76611	36830	
726	840808	41588	79604	38000	
727	836712	41704	82226	39358	
728	832753	42921	83292	41034	
729	829718	43676	84625	41981	
730	825954	45305	86597	42144	
731	820814	46880	88981	43325	
732	815314	48371	92185	44130	
733	809717	49298	95251	45734	
734	805336	49610	97669	47385	
735	802095	50157	98908	48840	
736	802153	48294	99767	49786	
737	805331	46098	98451	50120	
738	809872	45058	94392	50678	
739	818406	41659	91156	48779	
740	829006	37719	86717	46558	
741	837862	37238	79378	45522	
742	845619	37305	74957	42119	
743	849325	37970	74543	38162	
744	847998	39111	75275	37616	
745	845368	39858	77081	37693	
746	841161	41531	78969	38339	
747	835668	43442	81389	39501	
748	829416	45360	84973	40251	
749	821829	47458	88802	41911	
750	813832	49498	92818	43852	
751	805304	51907	96956	45833	
752	797594	53064	101405	47937	
753	792232	52822	104971	49975	
754	789008	52705	105886	52401	
755	788300	52560	105527	53613	
756	788562	52820	105265	53353	
757	787448	53896	105380	53276	
758	785481	54714	106716	53089	
759	782412	55607	108610	53371	
760	778723	56507	110321	54449	
761	775770	56845	112114	55271	
762	773427	57040	113352	56181	
763	772543	56443	113885	57129	
764	773818	55296	113483	57403	
765	776474	54193	111739	57594	
766	780376	53067	109489	57068	
767	785095	51820	107260	55825	
768	787988	52393	104887	54732	
769	789180	52969	104213	53638	
770	788418	53879	105362	52341	
771	785085	55141	106848	52926	
772	780820	56653	109020	53507	
773	776530	57261	111794	54415	
774	772993	57403	113914	55690	
775	771433	56702	114664	57201	
776	771230	56826	114105	57839	
777	772915	55594	113528	57963	
778	776414	53882	112420	57284	
779	780031	53122	109476	57371	
780	784349	52558	107004	56089	
781	787974	51928	105680	54418	
782	789912	51929	104486	53673	
783	790604	52429	103857	53110	
784	790801	52361	104358	52480	
785	789858	52917	104790	52435	
786	789599	52165	105278	52958	
787	793803	48217	105082	52898	
788	799268	46858	100382	53492	
789	806508	45744	95075	52673	
790	813435	45224	92602	48739	
791	816597	45052	90968	47383	
792	818354	45117	90276	46253	
793	820059	44082	90169	45690	
794	823898	41412	89199	45491	
795	829103	39859	85494	45544	
796	836099	38070	81271	44560	
797	843746	36443	77929	41882	
798	854624	30563	74513	40300	
799	872960	21545	67006	38489	
800	890292	20767	52108	36833	
801	906523	20193	42312	30972	
802	917404	19775	40960	21861	
803	919758	19295	39968	20979	
804	921193	19322	39070	20415	
805	921559	19854	38617	19970	
806	920851	20487	39176	19486	
807	919153	21013	40341	19493	
808	916991	21455	41500	20054	
809	914529	22315	42468	20688	
810	911315	23701	43770	21214	
811	906842	25488	46016	21654	
812	900782	27489	49189	22540	
813	893456	29652	52977	23915	
814	885263	31870	57141	25726	
815	876563	34136	61522	27779	
816	868341	35722	66006	29931	
817	860271	37738	69858	32133	
818	852628	39447	73460	34465	
819	845938	40795	77185	36082	
820	839350	42304	80242	38104	
821	833815	43232	83099	39854	
822	828927	44365	85536	41172	
823	826200	43474	87597	42729	
824	826811	41694	87839	43656	
825	828491	41535	85168	44806	
826	831611	41223	83229	43937	
827	836631	38493	82758	42118	
828	840921	37415	79716	41948	
829	846416	36041	75908	41635	
830	852795	34847	73456	38902	
831	859603	31755	70888	37754	
832	866581	30374	66602	36443	
833	873221	29460	62129	35190	
834	879299	28740	59834	32127	
835	882895	28222	58200	30683	
836	885982	27310	56962	29746	
837	890529	24919	55532	29020	
838	893428	25875	52229	28468	
839	894700	26910	50794	27596	
840	893652	28343	52785	25220	
841	888382	30231	55253	26134	
842	882515	31751	58574	27160	
843	875364	34053	61982	28601	
844	866998	36672	65804	30526	
845	858492	38738	70725	32045	
846	848921	41296	75410	34373	
847	839444	43494	80034	37028	
848	831176	44929	84790	39105	
849	823457	46485	88423	41635	
850	817761	46902	91414	43923	
851	813429	47788	93387	45396	
852	810106	48235	94690	46969	
853	808051	48505	96023	47421	
854	806381	48609	96740	48270	
855	806523	47622	97114	48741	
856	810837	43917	96231	49015	
857	817654	41706	91539	49101	
858	826161	40101	85623	48115	
859	839723	34105	81807	44365	
860	851756	31881	74206	42157	
861	863304	30230	65986	40480	
862	874803	28556	62111	34530	
863	881073	27926	58786	32215	
864	886320	26647	56482	30551	
865	889477	27111	54573	28839	
866	889073	28941	53758	28228	
867	885157	31835	56052	26956	
868	876476	35359	60776	27389	
869	864807	38775	67194	29224	
870	851775	41996	74134	32095	
871	838442	45109	80771	35678	
872	825978	47799	87105	39118	
873	814302	50437	92908	42353	
874	803022	53209	98236	45533	
875	793827	54272	103646	48255	
876	786962	54629	107481	50928	
877	781367	56014	108901	53718	
878	777880	56671	110643	54806	
879	774665	57445	112685	55205	
880	771889	57441	114116	56554	
881	771738	56132	114886	57244	
882	776126	52326	113573	57975	
883	785587	47921	108458	58034	
884	798606	44423	100247	56724	
885	813982	40793	92344	52881	
886	828768	37594	85216	48422	
887	842285	34430	78387	44898	
888	853707	33020	72024	41249	
889	862401	32144	67450	38005	
890	869019	31027	65164	34790	
891	870841	32629	63171	33359	
892	868867	35046	63656	32431	
893	862895	38072	67675	31358	
894	852651	41268	73118	32963	
895	840731	44530	79340	35399	
896	828326	47495	85798	38381	
897	816681	49651	92025	41643	
898	807013	50894	97146	44947	
899	800288	51216	100545	47951	
900	797194	50551	102110	50145	
901	798867	47959	101767	51407	
902	802052	47709	98510	51729	
903	805718	47556	95668	51058	
904	809210	47076	95265	48449	
905	810224	46947	94632	48197	
906	810793	47154	94023	48030	
907	810664	47670	94101	47565	
908	809318	48424	94824	47434	
909	810084	46203	96094	47619	
910	813493	43776	94627	48104	
911	815405	45708	89979	48908	
912	815934	47897	89484	46685	
913	811691	50432	93605	44272	
914	803244	52236	98329	46191	
915	796240	52728	102668	48364	
916	791239	52854	104964	50943	
917	789589	52058	105582	52771	
918	790587	51247	104912	53254	
919	792919	50402	103305	53374	
920	796678	49071	101649	52602	
921	801213	47555	99473	51759	
922	807050	45422	96626	50902	
923	814074	43362	92977	49587	
924	822418	40784	88784	48014	
925	832398	37571	84146	45885	
926	843079	34737	78355	43829	
927	854469	31993	72308	41230	
928	866274	29038	66730	37958	
929	877515	26356	61031	35098	
930	887556	24720	55394	32330	
931	897826	21756	51076	29342	
932	907123	19765	46476	26636	
933	913224	20279	41521	24976	
934	916737	21190	40044	22029	
935	915890	22665	41469	19976	
936	910986	24679	43855	20480	
937	904665	26610	47344	21381	
938	897524	28311	51289	22876	
939	889989	30170	54921	24920	
940	882570	32096	58481	26853	
941	875537	33617	62266	28580	
942	868982	34810	65713	30495	
943	863317	35851	68427	32405	
944	859069	36339	70661	33931	
945	855253	37366	72190	35191	
946	851616	38439	73705	36240	
947	848607	38852	75805	36736	
948	845858	39107	77291	37744	
949	843167	40055	77959	38819	
950	840444	41118	79162	39276	
951	837127	42249	81173	39451	
952	833218	42953	83367	40462	
953	829715	43565	85202	41518	
954	826982	43837	86518	42663	
955	825517	43698	87402	43383	
956	825854	42631	87535	43980	
957	827896	41505	86329	44270	
958	830973	40763	84136	44128	
959	834354	40298	82268	43080	
960	838079	38896	81061	41964	
961	844874	34782	79194	41150	
962	850466	35164	73678	40692	
963	855345	35380	69946	39329	
964	858808	35490	70544	35158	
965	857472	36146	70870	35512	
966	855568	37062	71636	35734	
967	852675	38301	73208	35816	
968	848225	39940	75363	36472	
969	842559	41787	78241	37413	
970	836283	43341	81727	38649	
971	828914	45629	85128	40329	
972	821620	47224	88970	42186	
973	814756	48668	92853	43723	
974	808398	49660	95892	46050	
975	803744	50244	98328	47684	
976	802758	48182	99904	49156	
977	804424	47002	98426	50148	
978	808409	45667	95184	50740	
979	814994	43624	92669	48713	
980	821768	41470	89291	47471	
981	830153	38577	85094	46176	
982	840701	35166	80047	44086	
983	850658	33658	73743	41941	
984	859624	32528	68824	39024	
985	867124	31141	66186	35549	
986	872263	30079	63669	33989	
987	877218	28681	61220	32881	
988	881064	28703	58760	31473	
989	882332	29908	57384	30376	
990	880405	32012	58611	28972	
991	875010	34078	61920	28992	
992	868039	35686	66090	30185	
993	860342	37562	69764	32332	
994	852965	39371	73248	34416	
995	846187	40850	76933	36030	
996	841536	40338	80221	37905	
997	838098	40932	81188	39782	
998	836163	41337	81270	41230	
999	835298	41680	82269	40753	
1000	833820	41857	83017	41306	
1001	832592	42089	83537	41782	
1002	831746	42198	83946	42110	
1003	831035	42392	84287	42286	
1004	830903	42004	84590	42503	
1005	831727	41276	84396	42601	
1006	835783	38147	83280	42790	
1007	839885	38220	79423	42472	
1008	843898	38020	76367	41715	
1009	847533	37681	76240	38546	
1010	847956	37726	75701	38617	
1011	848732	37440	75407	38421	
1012	849199	37580	75166	38055	
1013	850152	36687	75020	38141	
1014	851977	35933	74267	37823	
1015	852754	36691	72620	37935	
1016	852832	37495	72624	37049	
1017	851028	38506	74186	36280	
1018	847408	39520	76001	37071	
1019	843929	40155	78026	37890	
1020	840509	40950	79675	38866	
1021	837625	41348	81105	39922	
1022	836237	40927	82298	40538	
1023	835545	40850	82275	41330	
1024	835634	40823	81777	41766	
1025	836346	40601	81673	41380	
1026	836866	40444	81424	41266	
1027	836985	40699	81045	41271	
1028	836775	41076	81143	41006	
1029	836134	41261	81775	40830	
1030	836982	39546	82337	41135	
1031	838008	39676	80807	41509	
1032	839835	39255	79222	41688	
1033	843098	38024	78931	39947	
1034	845316	37315	77279	40090	
1035	849996	35003	75339	39662	
1036	857017	32266	72318	38399	
1037	863269	31768	67269	37694	
1038	869787	30794	64034	35385	
1039	872366	32450	62562	32622	
1040	869983	34703	63244	32070	
1041	863712	38020	67153	31115	
1042	853246	41264	72723	32767	
1043	840799	44877	79284	35040	
1044	827504	47981	86141	38374	
1045	814615	50914	92858	41613	
1046	802499	53309	98895	45297	
1047	791788	55531	104223	48458	
1048	782555	57197	108840	51408	
1049	774803	58659	112728	53810	