%Iteration	Healthy	Infected_1	Infected_2	Dead	
%pHIV=	[5, 100]	; pINF=	[1, 100000]	

0	949887	50113	0	0	
1	426491	573509	0	0	
2	8513	991487	0	0	
3	2	426489	573509	0	
4	0	8513	417978	573509	
5	567826	9	8511	423654	
6	987191	88	2	12719	
7	999224	647	7	122	
8	997825	2087	81	7	
9	994886	4467	566	81	
10	990111	7800	1521	568	
11	983432	12096	2946	1526	
12	974964	17221	4854	2961	
13	964826	23039	7242	4893	
14	953135	29596	9979	7290	
15	940017	36865	13060	10058	
16	925711	44582	16536	13171	
17	910591	52406	20329	16674	
18	895091	60158	24253	20498	
19	879560	67819	28153	24468	
20	864562	75039	32005	28394	
21	849924	81970	35814	32292	
22	835610	89008	39225	36157	
23	821634	96041	42745	39580	
24	807426	103158	46263	43153	
25	793951	109591	49778	46680	
26	783623	112768	53380	50229	
27	777662	112179	56211	53948	
28	776102	110617	56557	56724	
29	778607	108662	55622	57109	
30	784638	104192	54995	56175	
31	792972	97794	53667	55567	
32	803578	91631	50525	54266	
33	815696	85954	47269	51081	
34	826421	81394	44362	47823	
35	837592	75982	41592	44834	
36	849236	68914	39802	42048	
37	861755	61850	36180	40215	
38	874923	55748	32734	36595	
39	886452	51375	29116	33057	
40	895492	48418	26632	29458	
41	901561	46771	24743	26925	
42	904851	46464	23675	25010	
43	905418	47549	23096	23937	
44	903805	49508	23368	23319	
45	900139	52058	24181	23622	
46	896024	54227	25327	24422	
47	891052	56627	26731	25590	
48	885580	59970	27496	26954	
49	879721	63384	29131	27764	
50	874163	65595	30839	29403	
51	868389	67902	32545	31164	
52	862315	71750	33050	32885	
53	856554	75225	34852	33369	
54	851276	76650	36898	35176	
55	846116	78270	38327	37287	
56	841363	81609	38323	38705	
57	836305	85043	39947	38705	
58	829378	88609	41662	40351	
59	822154	92390	43381	42075	
60	814602	96348	45228	43822	
61	806670	100479	47162	45689	
62	798390	104809	49186	47615	
63	790276	108790	51293	49641	
64	782475	112208	53516	51801	
65	774647	116057	55274	54022	
66	767882	119389	56934	55795	
67	763668	119715	59123	57494	
68	764256	115786	60266	59692	
69	769368	110325	59449	60858	
70	778874	104734	56337	60055	
71	787249	101817	53988	56946	
72	791563	103140	50746	54551	
73	793693	103942	51071	51294	
74	790835	105505	52069	51591	
75	785664	109928	51873	52535	
76	780286	113684	53632	52398	
77	772675	116844	56296	54185	
78	766027	119740	57388	56845	
79	761023	121592	59456	57929	
80	754125	125532	60284	60059	
81	746267	131523	61308	60902	
82	735981	137876	64224	61919	
83	723668	144217	67299	64816	
84	711067	150418	70577	67938	
85	697436	157627	73640	71297	
86	682605	166272	76778	74345	
87	666589	175045	80849	77517	
88	649051	183867	85423	81659	
89	629704	194442	89622	86232	
90	609453	205814	94245	90488	
91	588913	215745	100197	95145	
92	567682	225489	105617	101212	
93	546678	236593	110128	106601	
94	524982	248466	115361	111191	
95	502280	259959	121232	116529	
96	478912	271473	127234	122381	
97	455320	283469	132725	128486	
98	433670	293625	138748	133957	
99	411396	303832	144721	140051	
100	389914	315068	148904	146114	
101	370373	324346	154928	150353	
102	350742	332693	160140	156425	
103	334238	339784	164206	161772	
104	320062	345670	168487	165781	
105	306590	351971	171297	170142	
106	295492	357189	174373	172946	
107	285655	360643	177598	176104	
108	275934	365116	179591	179359	
109	265773	371787	181052	181388	
110	254183	378938	184064	182815	
111	242678	383647	187723	185952	
112	233129	386032	191215	189624	
113	226162	388341	192432	193065	
114	221201	390917	193600	194282	
115	215953	393812	194741	195494	
116	212580	394664	196176	196580	
117	210013	394171	197636	198180	
118	208799	394553	197028	199620	
119	207522	396313	197143	199022	
120	205292	398169	197410	199129	
121	203619	398131	198903	199347	
122	202040	397840	199266	200854	
123	201869	398047	198865	201219	
124	201273	398917	198975	200835	
125	199539	400339	199072	201050	
126	199385	399749	199845	201021	
127	199300	398344	200494	201862	
128	200164	398088	199255	202493	
129	200795	398860	199089	201256	
130	199534	400354	198999	201113	
131	199441	399731	199861	200967	
132	199251	398375	200493	201881	
133	200160	398077	199238	202525	
134	200785	398794	199137	201284	
135	199572	400352	198940	201136	
136	199431	399784	199854	200931	
137	199279	398434	200498	201789	
138	200040	398142	199286	202532	
139	200835	398739	199148	201278	
140	199488	400293	198994	201225	
141	199517	399770	199745	200968	
142	199216	398478	200548	201758	
143	199980	398219	199222	202579	
144	200813	398682	199256	201249	
145	199586	400244	198963	201207	
146	199428	399856	199719	200997	
147	199297	398499	200525	201679	
148	199937	398238	199331	202494	
149	200787	398760	199168	201285	
150	199570	400242	199070	201118	
151	199387	399874	199690	201049	
152	199295	398453	200552	201700	
153	199890	398171	199322	202617	
154	200783	398667	199131	201419	
155	199646	400159	199040	201155	
156	199396	399929	199627	201048	
157	199229	398534	200532	201705	
158	199934	398067	199397	202602	
159	200848	398579	199137	201436	
160	199750	400200	198930	201120	
161	199396	400010	199649	200945	
162	199231	398547	200551	201671	
163	199919	398033	199459	202589	
164	200799	398572	199088	201541	
165	199758	400153	198945	201144	
166	199375	400028	199627	200970	
167	199260	398613	200526	201601	
168	199761	398122	199502	202615	
169	200876	398516	199111	201497	
170	199747	400146	199011	201096	
171	199247	400157	199505	201091	
172	199318	398519	200641	201522	
173	199762	398094	199516	202628	
174	200729	398643	199003	201625	
175	199850	400060	199091	200999	
176	199172	400161	199552	201115	
177	199259	398630	200508	201603	
178	199735	398051	199653	202561	
179	200796	398602	198977	201625	
180	199828	400114	199074	200984	
181	199185	400219	199528	201068	
182	199333	398621	200586	201460	
183	199678	398121	199633	202568	
184	200623	398641	198988	201748	
185	199876	399962	199133	201029	
186	199206	400144	199508	201142	
187	199329	398700	200454	201517	
188	199662	398176	199690	202472	
189	200585	398636	199010	201769	
190	199934	399859	199166	201041	
191	199231	400119	199470	201180	
192	199356	398751	200389	201504	
193	199728	398186	199730	202356	
194	200596	398705	199021	201678	
195	199814	399951	199165	201070	
196	199234	400042	199540	201184	
197	199371	398689	200411	201529	
198	199735	398242	199631	202392	
199	200524	398733	199058	201685	
200	199943	399870	199184	201003	
201	199197	400088	199549	201166	
202	199313	398800	200321	201566	
203	199760	398175	199767	202298	
204	200460	398721	199033	201786	
205	199966	399849	199142	201043	
206	199330	400032	199579	201059	
207	199140	398928	200270	201662	
208	199792	398154	199762	202292	
209	200498	398621	199166	201715	