%Iteration	Healthy	Infected_1	Infected_2	Dead	
%pHIV=	[5, 100]	; pINF=	[1, 100000]	

0	953047	46953	0	0	
1	467305	532695	0	0	
2	69453	930547	0	0	
3	58842	941158	0	0	
4	58808	941192	0	0	
5	58808	408497	532695	0	
6	58808	10645	397852	532695	
7	586106	42	10611	403241	
8	985159	107	34	14700	
9	999097	733	0	170	
10	997643	2356	0	1	
11	994527	5465	8	0	
12	989455	10438	99	8	
13	982040	17235	626	99	
14	971882	25868	1623	627	
15	958948	36308	3117	1627	
16	943206	48582	5072	3140	
17	925240	62230	7423	5107	
18	905005	77263	10256	7476	
19	882709	93397	13557	10337	
20	859268	109712	17346	13674	
21	835828	125608	21071	17493	
22	813309	140168	25289	21234	
23	792456	152318	29691	25535	
24	774264	162120	33661	29955	
25	758624	170457	36967	33952	
26	744507	178340	39849	37304	
27	731975	185936	41841	40248	
28	721441	192860	43463	42236	
29	711745	199085	45304	43866	
30	705949	200591	47732	45728	
31	701460	200920	49437	48183	
32	698654	201046	50387	49913	
33	697472	200120	51529	50879	
34	697622	201114	49238	52026	
35	699507	200940	49766	49787	
36	700012	199192	50513	50283	
37	701541	196892	50603	50964	
38	703247	195368	50232	51153	
39	703459	196189	49592	50760	
40	701715	199444	48765	50076	
41	698949	203462	48303	49286	
42	693457	209044	48708	48791	
43	686556	213843	50413	49188	
44	677411	219662	52020	50907	
45	669323	225830	52321	52526	
46	659677	233222	54290	52811	
47	646578	243381	55212	54829	
48	631868	254558	57839	55735	
49	615655	267457	58489	58399	
50	600553	278691	61682	59074	
51	582867	289481	65371	62281	
52	567961	297028	69016	65995	
53	555517	303405	71388	69690	
54	544123	310893	72916	72068	
55	531644	318540	76161	73655	
56	516971	329560	76563	76906	
57	502856	342052	77765	77327	
58	485579	355483	80404	78534	
59	471098	363885	83808	81209	
60	458313	369462	87583	84642	
61	445553	375739	90257	88451	
62	434982	380031	93835	91152	
63	423990	389054	92210	94746	
64	414508	399120	93160	93212	
65	400050	409336	96534	94080	
66	388879	415493	98127	97501	
67	381281	418379	101233	99107	
68	372427	422123	103226	102224	
69	364244	424737	106750	104269	
70	355369	432571	104284	107776	
71	348434	442119	104119	105328	
72	336690	451171	106970	105169	
73	325056	457576	109364	108004	
74	318502	458951	112118	110429	
75	311714	461414	113667	113205	
76	305370	463786	116022	114822	
77	298696	468351	115769	117184	
78	292761	476779	113493	116967	
79	284060	485150	116130	114660	
80	273205	491046	118394	117355	
81	268257	491804	120334	119605	
82	263091	493479	121921	121509	
83	257747	494657	124501	123095	
84	251846	498058	124290	125806	
85	247378	505995	121092	125535	
86	239764	514291	123596	122349	
87	229542	519974	125679	124805	
88	225213	520168	127691	126928	
89	221348	520635	129029	128988	
90	217779	520045	131892	130284	
91	213793	521651	131362	133194	
92	211615	527801	127885	132699	
93	206230	535037	129496	129237	
94	198401	539534	131302	130763	
95	195747	538634	132968	132651	
96	194154	537504	134035	134307	
97	192984	534869	136732	135415	
98	193955	532185	135799	138061	
99	196424	534342	132068	137166	
100	195338	538268	132905	133489	
101	191561	540131	134097	134211	
102	192070	539362	133115	135453	
103	193163	538127	134225	134485	
104	192241	535368	136831	135560	
105	193267	532569	135960	138204	
106	195959	534440	132346	137255	
107	194966	538368	132990	133676	
108	191339	540278	134072	134311	
109	191971	539493	133161	135375	
110	192990	538302	134217	134491	
111	192097	535462	136918	135523	
112	193127	532644	135982	138247	
113	195749	534456	132376	137419	
114	194953	538248	133026	133773	
115	191434	540191	134078	134297	
116	191883	539532	133164	135421	
117	193000	538297	134188	134515	
118	192070	535546	136818	135566	
119	193065	532670	136021	138244	
120	195843	534303	132505	137349	
121	194882	538276	132953	133889	
122	191504	540167	134067	134262	
123	191920	539601	133145	135334	
124	192910	538449	134138	134503	
125	192083	535504	136926	135487	
126	193079	532706	135958	138257	
127	195850	534282	132579	137289	
128	194805	538222	132986	133987	
129	191624	540125	133981	134270	
130	191857	539671	133160	135312	
131	192915	538459	134155	134471	
132	192003	535544	136926	135527	
133	193085	532745	135884	138286	
134	195795	534217	132706	137282	
135	194787	538154	132943	134116	
136	191685	540023	134011	134281	
137	191807	539719	133085	135389	
138	192927	538424	134178	134471	
139	192100	535540	136880	135480	
140	193111	532825	135880	138184	
141	195701	534223	132781	137295	
142	194790	538108	132883	134219	
143	191816	539963	133996	134225	
144	191795	539684	133165	135356	
145	192918	538382	134179	134521	
146	192038	535612	136768	135582	
147	193149	532880	135851	138120	
148	195624	534224	132886	137266	
149	194800	538052	132877	134271	
150	191781	539959	133998	134262	
151	191847	539724	133119	135310	
152	192909	538448	134230	134413	
153	191928	535762	136705	135605	
154	193129	532887	135905	138079	
155	195551	534231	132884	137334	
156	194890	537924	132954	134232	
157	191760	539899	134019	134322	
158	191795	539736	133030	135439	
159	192965	538396	134228	134411	
160	192020	535813	136647	135520	
161	193092	532955	135994	137959	
162	195485	534277	132867	137371	
163	194938	537984	132888	134190	
164	191708	539955	134064	134273	
165	191833	539630	133136	135401	
166	193006	538360	134189	134445	
167	191990	535862	136595	135553	
168	193143	532918	136035	137904	
169	195420	534359	132811	137410	
170	194921	537976	132919	134184	
171	191697	539925	134097	134281	
172	191788	539653	133091	135468	
173	193000	538323	134252	134425	
174	191935	535913	136536	135616	
175	193171	532926	136046	137857	
176	195365	534382	132819	137434	
177	194940	537938	132922	134200	
178	191714	539864	134126	134296	
179	191886	539637	133059	135418	
180	192957	538361	134275	134407	
181	191915	535945	136478	135662	
182	193182	532934	136052	137832	
183	195278	534389	132832	137501	
184	195009	537779	132999	134213	
185	191826	539822	134062	134290	
186	191830	539715	133041	135414	
187	192971	538367	134287	134375	
188	191918	536067	136389	135626	
189	193163	532996	136105	137736	
190	195233	534338	132934	137495	
191	194993	537739	132939	134329	
192	191896	539757	134089	134258	
193	191830	539732	133034	135404	
194	192977	538416	134276	134331	
195	191885	536163	136340	135612	
196	193147	533064	136107	137682	
197	195171	534321	133009	137499	
198	195041	537646	132960	134353	
199	191922	539713	134087	134278	
200	191840	539733	133008	135419	
201	192969	538408	134266	134357	
202	191932	536192	136285	135591	
203	193121	533057	136154	137668	
204	195177	534236	133028	137559	
205	195116	537557	132941	134386	
206	192023	539698	134069	134210	
207	191763	539804	133019	135414	
208	192974	538440	134207	134379	
209	191907	536238	136262	135593	
210	193212	533029	136210	137549	
211	195094	534213	133125	137568	
212	195121	537555	132843	134481	
213	191937	539735	134060	134268	
214	191896	539770	133001	135333	
215	192879	538459	134309	134353	
216	191849	536278	136185	135688	
217	193182	533002	136240	137576	
218	195107	534250	133036	137607	
219	195185	537454	132998	134363	
220	191897	539742	134004	134357	
221	191946	539784	132964	135306	
222	192812	538554	134284	134350	
223	191851	536282	136202	135665	
224	193134	532949	136292	137625	
225	195178	534179	133006	137637	
226	195213	537398	133054	134335	
227	191955	539794	133930	134321	
228	191927	539887	132959	135227	
229	192835	538666	134236	134263	
230	191736	536333	136273	135658	
231	193183	532853	136326	137638	
232	195099	534102	133052	137747	
233	195232	537308	133015	134445	
234	191950	539703	133940	134407	
235	191940	539909	132846	135305	
236	192940	538643	134301	134116	
237	191667	536457	136221	135655	
238	193191	532887	136335	137587	
239	195131	534115	133052	137702	
240	195266	537317	133035	134382	
241	191905	539653	134035	134407	
242	191941	539913	132765	135381	
243	192894	538682	134280	134144	
244	191726	536433	136237	135604	
245	193177	532875	136371	137577	
246	195087	534138	133025	137750	
247	195338	537273	133049	134340	
248	191844	539728	133988	134440	
249	191930	539874	132813	135383	
250	192902	538632	134288	134178	
251	191724	536469	136184	135623	
252	193166	532872	136443	137519	
253	195059	534183	132959	137799	
254	195305	537303	133046	134346	
255	191928	539684	134021	134367	
256	191957	539849	132846	135348	
257	192870	538634	134270	134226	
258	191742	536441	136166	135651	
259	193225	532897	136402	137476	
260	194947	534226	133011	137816	
261	195299	537230	133055	134416	
262	191929	539683	133973	134415	
263	191856	539862	132858	135424	
264	192916	538484	134340	134260	
265	191800	536427	136059	135714	
266	193188	532918	136426	137468	
267	195034	534176	133037	137753	
268	195272	537345	132962	134421	
269	191956	539718	134002	134324	
270	191803	539871	132917	135409	
271	192928	538493	134295	134284	
272	191804	536390	136131	135675	
273	193180	532921	136375	137524	
274	194989	534130	133070	137811	
275	195347	537320	132917	134416	
276	191999	539742	134028	134231	
277	191800	539930	132906	135364	
278	192914	538560	134279	134247	
279	191834	536476	136107	135583	
280	193160	532971	136450	137419	
281	194897	534166	133094	137843	
282	195407	537258	132909	134426	
283	191983	539753	134023	134241	
284	191796	539905	132945	135354	
285	192870	538523	134289	134318	
286	191899	536498	136001	135602	
287	193176	532982	136518	137324	
288	194857	534161	133097	137885	
289	195411	537216	132907	134466	
290	192007	539769	133976	134248	
291	191804	539888	133002	135306	
292	192800	538543	134276	134381	
293	191966	536461	135962	135611	
294	193228	532996	136529	137247	
295	194708	534212	133121	137959	
296	195445	537103	132931	134521	
297	192059	539775	133880	134286	
298	191884	539863	133064	135189	
299	192705	538508	134337	134450	
300	192032	536498	135822	135648	
301	193254	533101	136552	137093	
302	194616	534318	133152	137914	
303	195406	537078	132982	134534	
304	192046	539792	133812	134350	
305	191770	539814	133155	135261	
306	192767	538331	134369	134533	
307	192054	536479	135742	135725	
308	193217	533102	136526	137155	
309	194681	534251	133177	137891	
310	195393	537154	132886	134567	
311	192106	539761	133890	134243	
312	191751	539838	133149	135262	
313	192743	538373	134326	134558	
314	192089	536428	135789	135694	
315	193181	533123	136497	137199	
316	194673	534198	133226	137903	
317	195386	537111	132861	134642	
318	192141	539750	133844	134265	
319	191877	539789	133192	135142	
320	192686	538470	134301	134543	
321	192149	536460	135774	135617	
322	193156	533220	136483	137141	
323	194670	534254	133231	137845	
324	195380	537031	132982	134607	
325	192116	539728	133764	134392	
326	191987	539706	133243	135064	
327	192613	538534	134265	134588	
328	192035	536496	135759	135710	
329	193249	533175	136461	137115	
330	194679	534309	133221	137791	
331	195251	537021	133093	134635	
332	192219	539665	133721	134395	
333	191937	539859	133140	135064	
334	192578	538561	134355	134506	
335	192038	536442	135805	135715	
336	193223	533231	136365	137181	
337	194678	534236	133334	137752	
338	195308	536972	133057	134663	
339	192256	539685	133686	134373	
340	191919	539893	133154	135034	
341	192567	538575	134339	134519	
342	192070	536472	135793	135665	
343	193190	533268	136399	137143	
344	194606	534203	133362	137829	
345	195323	536892	133021	134764	
346	192337	539645	133690	134328	
347	191938	539901	133195	134966	
348	192483	538651	134297	134569	
349	192111	536534	135710	135645	
350	193195	533299	136443	137063	
351	194599	534143	133451	137807	
352	195292	536789	133047	134872	
353	192413	539597	133593	134397	
354	191916	539926	133208	134950	
355	192430	538668	134295	134607	
356	192162	536527	135693	135618	
357	193120	533392	136401	137087	
358	194659	534102	133537	137702	
359	195216	536843	133037	134904	
360	192421	539614	133552	134413	
361	191976	539881	133266	134877	
362	192451	538722	134247	134580	
363	192110	536518	135778	135594	
364	193110	533417	136323	137150	
365	194674	534116	133533	137677	
366	195205	536821	133088	134886	
367	192451	539569	133574	134406	
368	191924	539916	133222	134938	
369	192507	538705	134232	134556	
370	192103	536534	135793	135570	
371	193079	533444	136322	137155	
372	194640	534067	133569	137724	
373	195252	536796	133021	134931	
374	192434	539543	133622	134401	
375	191924	539872	133232	134972	
376	192496	538723	134192	134589	
377	192135	536577	135750	135538	
378	193144	533450	136369	137037	
379	194536	534146	133561	137757	
380	195267	536728	133043	134962	
381	192490	539509	133604	134397	
382	191950	539875	133242	134933	
383	192513	538688	134257	134542	
384	192091	536668	135625	135616	
385	193173	533484	136385	136958	
386	194581	534159	133608	137652	
387	195158	536775	133070	134997	
388	192515	539446	133605	134434	
389	192003	539859	133201	134937	
390	192455	538686	134283	134576	
391	192104	536576	135686	135634	
392	193140	533527	136276	137057	
393	194630	534147	133614	137609	
394	195148	536769	133110	134973	
395	192488	539455	133576	134481	
396	192031	539828	133227	134914	
397	192384	538749	134234	134633	
398	192118	536534	135732	135616	
399	193087	533518	136262	137133	
400	194687	534110	133600	137603	
401	195139	536760	133155	134946	
402	192435	539504	133517	134544	
403	192098	539803	133246	134853	
404	192347	538830	134192	134631	
405	192131	536505	135805	135559	
406	193010	533489	136261	137240	
407	194740	534095	133545	137620	
408	195101	536731	133219	134949	
409	192545	539471	133480	134504	
410	192001	539893	133245	134861	
411	192404	538876	134151	134569	
412	192084	536533	135855	135528	
413	193018	533523	136220	137239	
414	194797	533977	133667	137559	
415	195093	536746	133134	135027	
416	192587	539445	133512	134456	
417	191959	539939	133210	134892	
418	192425	538906	134121	134548	
419	192091	536544	135903	135462	
420	193022	533539	136211	137228	
421	194747	533970	133704	137579	
422	195073	536738	133088	135101	
423	192611	539393	133541	134455	
424	191889	539925	133206	134980	
425	192578	538802	134135	134485	
426	192025	536636	135856	135483	
427	192944	533576	136196	137284	
428	194834	533897	133738	137531	
429	195040	536833	133012	135115	
430	192644	539292	133690	134374	
431	191917	539916	133136	135031	
432	192588	538889	134059	134464	
433	192015	536648	135948	135389	
434	192927	533630	136149	137294	
435	194795	533922	133760	137523	
436	195044	536804	133032	135120	
437	192605	539269	133707	134419	
438	191959	539855	133131	135055	
439	192578	538888	134052	134482	
440	191976	536680	135914	135430	
441	192966	533605	136172	137257	
442	194734	533983	133717	137566	
443	195098	536746	133085	135071	
444	192610	539242	133706	134442	
445	191998	539887	133097	135018	
446	192522	538917	134095	134466	
447	192021	536717	135848	135414	
448	192966	533664	136202	137168	
449	194594	534012	133742	137652	
450	195168	536606	133125	135101	
451	192622	539238	133648	134492	
452	191989	539846	133149	135016	
453	192529	538878	134090	134503	
454	192024	536820	135719	135437	
455	192962	533696	136280	137062	
456	194583	534017	133757	137643	
457	195136	536613	133122	135129	
458	192560	539216	133661	134563	
459	192122	539741	133156	134981	
460	192475	538907	134078	134540	
461	192041	536798	135718	135443	
462	192984	533700	136264	137052	
463	194554	534117	133681	137648	
464	195172	536558	133244	135026	
465	192576	539248	133609	134567	
466	192079	539796	133166	134959	
467	192409	538918	134098	134575	
468	192144	536758	135685	135413	
469	192934	533714	136299	137053	
470	194567	534065	133714	137654	
471	195190	536531	133220	135059	
472	192567	539324	133525	134584	
473	192079	539777	133255	134889	
474	192406	538916	134065	134613	
475	192224	536758	135686	135332	
476	192796	533789	136318	137097	
477	194624	533994	133708	137674	
478	195198	536537	133204	135061	
479	192585	539342	133528	134545	
480	192103	539712	133349	134836	
481	192421	539028	133913	134638	
482	192185	536841	135747	135227	
483	192765	533820	136333	137082	
484	194652	533986	133719	137643	
485	195060	536547	133229	135164	
486	192626	539172	133560	134642	
487	192183	539611	133312	134894	
488	192321	539047	133885	134747	
489	192286	536700	135790	135224	
490	192739	533920	136185	137156	
491	194718	534029	133751	137502	
492	195005	536539	133321	135135	
493	192704	539229	133443	134624	
494	192085	539668	133405	134842	
495	192297	539023	133860	134820	
496	192350	536623	135831	135196	
497	192719	533968	136133	137180	
498	194681	533968	133844	137507	
499	194914	536560	133215	135311	
500	192844	539165	133431	134560	
501	192113	539660	133478	134749	
502	192226	539081	133844	134849	
503	192341	536651	135807	135201	
504	192710	534099	136036	137155	
505	194639	533955	133973	137433	
506	194918	536450	133265	135367	
507	192837	539132	133377	134654	
508	192157	539628	133484	134731	
509	192220	539083	133829	134868	
510	192352	536673	135760	135215	
511	192704	534099	136059	137138	
512	194609	533953	133980	137458	
513	195001	536409	133284	135306	
514	192882	539206	133350	134562	
515	192118	539743	133485	134654	
516	192112	539163	133834	134891	
517	192349	536682	135740	135229	
518	192770	534018	136147	137065	
519	194497	533893	134022	137588	
520	195054	536278	133254	135414	
521	192962	539210	133259	134569	
522	192023	539835	133483	134659	
523	192196	539104	133897	134803	
524	192335	536798	135639	135228	
525	192695	534092	136191	137022	
526	194493	533823	134108	137576	
527	195093	536284	133166	135457	
528	192934	539183	133333	134550	
529	192082	539762	133485	134671	
530	192206	539141	133839	134814	
531	192297	536856	135627	135220	
532	192767	534051	136232	136950	
533	194402	533897	134064	137637	
534	195107	536232	133218	135443	
535	192921	539151	133342	134586	
536	192106	539793	133427	134674	
537	192164	539132	133910	134794	
538	192267	536884	135553	135296	
539	192759	534035	136261	136945	
540	194431	533865	134069	137635	
541	195115	536185	133249	135451	
542	192908	539133	133305	134654	
543	192192	539773	133412	134623	
544	192162	539185	133899	134754	
545	192238	536908	135569	135285	
546	192806	534020	136253	136921	
547	194364	533918	134052	137666	
548	195182	536116	133311	135391	
549	192939	539146	133292	134623	
550	192100	539845	133365	134690	
551	192238	539128	133950	134684	
552	192158	536994	135509	135339	
553	192805	533970	136322	136903	
554	194397	533846	134064	137693	
555	195203	536160	133233	135404	
556	192897	539122	133375	134606	
557	192117	539864	133298	134721	
558	192228	539182	133940	134650	
559	192166	537009	135547	135278	
560	192789	533978	136337	136896	
561	194349	533870	134040	137741	
562	195175	536105	133258	135462	
563	193000	539043	133374	134583	
564	192169	539881	133306	134644	
565	192121	539249	133932	134698	
566	192196	537020	135493	135291	
567	192862	534035	136312	136791	
568	194245	533903	134144	137708	
569	195196	535988	133300	135516	
570	192972	539080	133264	134684	
571	192210	539868	133327	134595	
572	192147	539204	134012	134637	
573	192183	537119	135385	135313	
574	192805	534099	136356	136740	
575	194266	533938	134115	137681	
576	195151	535989	133348	135512	
577	192978	538998	133300	134724	
578	192249	539793	133336	134622	
579	192214	539230	133954	134602	
580	192083	537193	135399	135325	
581	192806	534111	136309	136774	
582	194233	533939	134131	137697	
583	195141	535928	133391	135540	
584	193056	538854	133362	134728	
585	192248	539832	133227	134693	
586	192265	539271	133959	134505	
587	191992	537301	135380	135327	
588	192806	534157	136288	136749	
589	194246	533908	134205	137641	
590	195084	535905	133398	135613	
591	193137	538722	133410	134731	
592	192234	539856	133144	134766	
593	192237	539288	133956	134519	
594	192063	537285	135395	135257	
595	192708	534278	136227	136787	
596	194218	533867	134278	137637	
597	195100	535845	133388	135667	
598	193138	538694	133392	134776	
599	192268	539766	133220	134746	
600	192239	539316	133867	134578	
601	192080	537334	135366	135220	
602	192733	534319	136241	136707	
603	194165	533901	134292	137642	
604	195111	535794	133417	135678	
605	193171	538661	133384	134784	
606	192322	539756	133226	134696	
607	192218	539357	133874	134551	
608	192050	537415	135310	135225	
609	192675	534352	136251	136722	
610	194201	533860	134321	137618	
611	195071	535739	133475	135715	
612	193157	538591	133368	134884	
613	192378	539706	133188	134728	
614	192205	539419	133829	134547	
615	192022	537410	135354	135214	
616	192741	534366	136220	136673	
617	194144	533956	134303	137597	
618	195066	535707	133542	135685	
619	193123	538576	133345	134956	
620	192431	539672	133176	134721	
621	192184	539359	133893	134564	
622	192108	537397	135293	135202	
623	192659	534456	136214	136671	
624	194100	533997	134272	137631	
625	195127	535655	133580	135638	
626	193139	538597	133331	134933	
627	192457	539615	133273	134655	
628	192147	539417	133813	134623	
629	192115	537478	135238	135169	
630	192611	534463	136273	136653	
631	194144	533934	134291	137631	
632	195026	535612	133615	135747	
633	193248	538485	133299	134968	
634	192422	539627	133258	134693	
635	192236	539431	133762	134571	
636	191975	537536	135293	135196	
637	192699	534493	136172	136636	
638	194124	533946	134400	137530	
639	195031	535667	133566	135736	
640	193231	538458	133398	134913	
641	192491	539719	133129	134661	
642	192099	539499	133853	134549	
643	192048	537463	135287	135202	
644	192681	534475	136189	136655	
645	194112	533927	134390	137571	
646	195016	535559	133633	135792	
647	193280	538473	133251	134996	
648	192494	539720	133201	134585	
649	192054	539542	133842	134562	
650	192063	537480	135265	135192	
651	192703	534536	136165	136596	
652	194067	533944	134448	137541	
653	195009	535505	133664	135822	
654	193323	538455	133203	135019	
655	192536	539719	133221	134524	
656	192084	539566	133856	134494	
657	192041	537574	135225	135160	
658	192623	534627	136153	136597	
659	194073	533919	134485	137523	
660	194985	535447	133703	135865	
661	193329	538351	133233	135087	
662	192610	539633	133206	134551	
663	192071	539624	133777	134528	
664	192015	537620	135231	135134	
665	192589	534663	136137	136611	
666	194074	533922	134488	137516	
667	195039	535389	133768	135804	
668	193267	538364	133227	135142	
669	192651	539616	133180	134553	
670	192028	539678	133747	134547	
671	191993	537633	135235	135139	
672	192640	534585	136202	136573	
673	194076	533949	134432	137543	
674	194999	535379	133809	135813	
675	193307	538344	133190	135159	
676	192589	539659	133154	134598	
677	192077	539616	133796	134511	
678	192087	537621	135239	135053	
679	192547	534716	136155	136582	
680	194074	533967	134469	137490	
681	194908	535460	133753	135879	
682	193366	538287	133244	135103	
683	192558	539565	133250	134627	
684	192133	539568	133720	134579	
685	192091	537619	135246	135044	
686	192486	534800	136071	136643	
687	194137	533926	134528	137409	
688	194830	535507	133723	135940	
689	193421	538203	133297	135079	
690	192476	539538	133252	134734	
691	192283	539531	133654	134532	
692	192009	537663	135304	135024	
693	192470	534845	135993	136692	
694	194154	533902	134587	137357	
695	194868	535574	133647	135911	
696	193404	538179	133436	134981	
697	192455	539580	133175	134790	
698	192222	539558	133644	134576	
699	192103	537628	135319	134950	
700	192462	534855	136041	136642	
701	194140	533906	134576	137378	
702	194808	535583	133622	135987	
703	193485	538165	133389	134961	
704	192402	539549	133268	134781	
705	192244	539500	133627	134629	
706	192085	537614	135299	135002	
707	192441	534890	135971	136698	
708	194162	533851	134652	137335	
709	194836	535603	133578	135983	
710	193380	538194	133413	135013	
711	192543	539500	133247	134710	
712	192263	539589	133613	134535	
713	192060	537691	135330	134919	
714	192371	534918	136004	136707	
715	194223	533911	134553	137313	
716	194697	535611	133702	135990	
717	193426	538050	133432	135092	
718	192587	539412	133231	134770	
719	192258	539616	133546	134580	
720	192053	537642	135402	134903	
721	192375	534996	135871	136758	
722	194266	533946	134593	137195	
723	194657	535632	133750	135961	
724	193436	538030	133428	135106	
725	192655	539414	133225	134706	
726	192191	539699	133543	134567	
727	192018	537623	135436	134923	
728	192399	534982	135826	136793	
729	194230	533942	134609	137219	
730	194695	535517	133828	135960	
731	193468	538014	133360	135158	
732	192577	539463	133185	134775	
733	192245	539645	133569	134541	
734	192033	537650	135403	134914	
735	192377	534998	135857	136768	
736	194265	533916	134634	137185	
737	194588	535601	133751	136060	
738	193501	537955	133408	135136	
739	192619	539422	133205	134754	
740	192290	539653	133552	134505	
741	192028	537675	135436	134861	
742	192369	535111	135762	136758	
743	194222	533981	134672	137125	
744	194569	535599	133783	136049	
745	193562	537876	133458	135104	
746	192615	539420	133198	134767	
747	192205	539659	133542	134594	
748	192083	537640	135401	134876	
749	192411	535169	135735	136685	
750	194133	534005	134742	137120	
751	194603	535527	133781	136089	
752	193611	537914	133382	135093	
753	192498	539442	133264	134796	
754	192338	539523	133578	134561	
755	192055	537723	135303	134919	
756	192384	535187	135769	136660	
757	194032	533952	134792	137224	
758	194712	535500	133659	136129	
759	193611	537878	133503	135008	
760	192407	539426	133233	134934	
761	192517	539446	133557	134480	
762	191931	537928	135207	134934	
763	192412	535152	135881	136555	
764	194059	533965	134781	137195	
765	194647	535616	133577	136160	
766	193698	537750	133689	134863	
767	192331	539525	133105	135039	
768	192533	539431	133594	134442	
769	191936	537906	135228	134930	
770	192453	535195	135823	136529	
771	194001	533948	134880	137171	
772	194641	535630	133500	136229	
773	193679	537737	133703	134881	
774	192301	539476	133112	135111	
775	192560	539324	133633	134483	
776	191918	537873	135182	135027	
777	192542	535152	135810	136496	
778	193932	534023	134851	137194	
779	194641	535652	133481	136226	
780	193689	537739	133731	134841	
781	192308	539512	133089	135091	
782	192606	539269	133722	134403	
783	191924	537939	135110	135027	
784	192477	535219	135818	136486	
785	193954	534010	134862	137174	
786	194549	535664	133479	136308	
787	193768	537608	133780	134844	
788	192326	539453	133098	135123	
789	192669	539296	133653	134382	
790	191936	538004	135133	134927	
791	192416	535395	135724	136465	
792	193882	534047	134943	137128	
793	194534	535615	133496	136355	
794	193810	537478	133841	134871	
795	192357	539347	133115	135181	
796	192658	539285	133595	134462	
797	191947	538051	135064	134938	
798	192397	535471	135704	136428	
799	193856	534067	134984	137093	
800	194541	535567	133533	136359	
801	193882	537459	133830	134829	
802	192310	539388	133124	135178	
803	192626	539292	133580	134502	
804	191948	538066	135033	134953	
805	192447	535469	135722	136362	
806	193825	534040	135053	137082	
807	194597	535551	133484	136368	
808	193783	537518	133807	134892	
809	192359	539353	133125	135163	
810	192645	539272	133624	134459	
811	191921	538102	134995	134982	
812	192470	535425	135774	136331	
813	193815	534114	134960	137111	
814	194554	535558	133543	136345	
815	193860	537463	133825	134852	
816	192320	539403	133097	135180	
817	192588	539252	133649	134511	
818	191905	538029	134987	135079	
819	192481	535386	135730	136403	
820	193832	534014	135037	137117	
821	194518	535530	133498	136454	
822	193875	537455	133764	134906	
823	192407	539419	133087	135087	
824	192545	539339	133665	134451	
825	191927	538053	135014	135006	
826	192446	535471	135689	136394	
827	193789	534055	135051	137105	
828	194548	535437	133585	136430	
829	193848	537429	133728	134995	
830	192464	539340	133107	135089	
831	192585	539344	133635	134436	
832	191942	538131	134967	134960	
833	192440	535529	135720	136311	
834	193768	534131	135018	137083	
835	194547	535447	133639	136367	
836	193797	537416	133754	135033	
837	192521	539276	133118	135085	
838	192493	539362	133620	134525	
839	192030	538081	134955	134934	
840	192341	535563	135723	136373	
841	193795	534110	134978	137117	
842	194580	535381	133706	136333	
843	193776	537461	133674	135089	
844	192505	539214	133205	135076	
845	192596	539380	133525	134499	
846	192027	538179	134977	134817	
847	192255	535633	135754	136358	
848	193855	534108	134958	137079	
849	194494	535454	133691	136361	
850	193750	537354	133776	135120	
851	192602	539077	133208	135113	
852	192573	539425	133433	134569	
853	192031	538140	135037	134792	
854	192271	535672	135676	136381	
855	193840	534196	134931	137033	
856	194489	535437	133781	136293	
857	193753	537353	133752	135142	
858	192565	539083	133208	135144	
859	192574	539375	133455	134596	
860	191995	538105	135022	134878	
861	192316	535619	135668	136397	
862	193859	534176	134938	137027	
863	194499	535465	133747	136289	
864	193785	537395	133752	135068	
865	192500	539173	133182	135145	
866	192655	539358	133495	134492	
867	191987	538156	135036	134821	
868	192209	535646	135682	136463	
869	193925	534073	134960	137042	
870	194520	535501	133680	136299	
871	193778	537369	133834	135019	
872	192470	539153	133172	135205	
873	192731	539422	133387	134460	
874	191839	538220	135108	134833	
875	192268	535539	135702	136491	
876	193936	534034	134956	137074	
877	194513	535499	133656	136332	
878	193750	537291	133906	135053	
879	192488	539205	133021	135286	
880	192723	539425	133451	134401	
881	191910	538202	135121	134767	
882	192233	535599	135698	136470	
883	193954	534079	134935	137032	
884	194525	535544	133671	136260	
885	193700	537353	133898	135049	
886	192443	539141	133095	135321	
887	192816	539351	133415	134418	
888	191914	538214	135136	134736	
889	192188	535604	135707	136501	
890	193976	534093	134883	137048	
891	194497	535620	133625	136258	
892	193707	537299	133999	134995	
893	192381	539092	133097	135430	
894	192887	539280	133372	134461	
895	191881	538195	135152	134772	
896	192203	535588	135678	136531	
897	193994	534085	134890	137031	
898	194498	535705	133560	136237	
899	193659	537321	134067	134953	
900	192405	539095	133071	135429	
901	192909	539299	133387	134405	
902	191862	538210	135180	134748	
903	192193	535578	135683	136546	
904	193974	534113	134845	137068	
905	194495	535684	133591	136230	
906	193700	537275	134091	134934	
907	192449	539103	133051	135397	
908	192901	539354	133380	134365	
909	191830	538272	135162	134736	
910	192160	535609	135682	136549	
911	194017	534069	134879	137035	
912	194464	535640	133631	136265	
913	193678	537210	134080	135032	
914	192514	539054	133019	135413	
915	192894	539410	133339	134357	
916	191900	538288	135202	134610	
917	192042	535723	135650	136585	
918	193998	534088	134863	137051	
919	194477	535576	133695	136252	
920	193672	537158	134080	135090	
921	192572	538930	133085	135413	
922	192889	539465	133228	134418	
923	191908	538361	135183	134548	
924	191989	535798	135662	136551	
925	193993	534119	134857	137031	
926	194522	535533	133763	136182	
927	193625	537158	134079	135138	
928	192618	538867	133099	135416	
929	192882	539489	133178	134451	
930	191943	538381	135177	134499	
931	191938	535812	135704	136546	
932	193990	534130	134808	137072	
933	194566	535503	133800	136131	
934	193583	537175	134069	135173	
935	192611	538806	133135	135448	
936	192881	539480	133126	134513	
937	191972	538376	135173	134479	
938	191957	535797	135741	136505	
939	193957	534172	134766	137105	
940	194599	535517	133800	136084	
941	193521	537233	134069	135177	
942	192651	538776	133162	135411	
943	192873	539469	133141	134517	
944	191980	538379	135145	134496	
945	191941	535764	135785	136510	
946	193921	534188	134705	137186	
947	194631	535462	133834	136073	
948	193565	537222	134055	135158	
949	192586	538803	133170	135441	
950	192919	539445	133129	134507	
951	192000	538441	135108	134451	
952	191912	535811	135815	136462	
953	193976	534159	134751	137114	
954	194554	535550	133771	136125	
955	193550	537187	134104	135159	
956	192525	538736	133185	135554	
957	192991	539349	133099	134561	
958	192085	538356	135162	134397	
959	191875	535883	135741	136501	
960	193981	534212	134734	137073	
961	194637	535664	133712	135987	
962	193396	537316	134169	135119	
963	192613	538628	133268	135491	
964	192941	539363	133063	134633	
965	192047	538323	135164	134466	
966	191869	535732	135821	136578	
967	194029	534207	134580	137184	
968	194620	535624	133798	135958	
969	193472	537306	134124	135098	
970	192555	538731	133230	135484	
971	192953	539418	133055	134574	
972	191979	538349	135215	134457	
973	191966	535705	135806	136523	
974	193896	534203	134655	137246	
975	194677	535542	133742	136039	
976	193438	537262	134146	135154	
977	192683	538721	133162	135434	
978	192884	539443	133153	134520	
979	191955	538434	135081	134530	
980	192074	535709	135866	136351	
981	193789	534349	134621	137241	
982	194775	535452	133875	135898	
983	193376	537341	134072	135211	
984	192670	538767	133141	135422	
985	192890	539362	133261	134487	
986	191951	538455	134978	134616	
987	192084	535631	135961	136324	
988	193825	534330	134567	137278	
989	194712	535488	133856	135944	
990	193392	537314	134071	135223	
991	192696	538750	133137	135417	
992	192861	539370	133266	134503	
993	191978	538400	135014	134608	
994	192019	535666	135897	136418	
995	193844	534299	134573	137284	
996	194756	535446	133886	135912	
997	193368	537351	134044	135237	
998	192709	538743	133163	135385	
999	192810	539435	133206	134549	
1000	192023	538402	135033	134542	
1001	192015	535668	135949	136368	
1002	193820	534316	134555	137309	
1003	194647	535427	133898	136028	
1004	193553	537259	134000	135188	
1005	192667	538776	133215	135342	
1006	192855	539428	133203	134514	
1007	192004	538458	135009	134529	
1008	192071	535817	135832	136280	
1009	193754	534345	134732	137169	
1010	194618	535432	133855	136095	
1011	193556	537195	134039	135210	
1012	192626	538749	133191	135434	
1013	192915	539303	133260	134522	
1014	191989	538464	134942	134605	
1015	191979	535841	135802	136378	
1016	193840	534263	134745	137152	
1017	194555	535477	133814	136154	
1018	193594	537120	134103	135183	
1019	192671	538721	133179	135429	
1020	192866	539413	133167	134554	
1021	192015	538436	135028	134521	
1022	191932	535892	135746	136430	
1023	193897	534234	134780	137089	
1024	194565	535458	133859	136118	
1025	193621	537161	134051	135167	
1026	192603	538769	133202	135426	
1027	192947	539440	133122	134491	
1028	192003	538494	135083	134420	
1029	191842	535929	135754	136475	
1030	193955	534152	134810	137083	
1031	194481	535499	133793	136227	
1032	193766	537031	134137	135066	
1033	192544	538800	133189	135467	
1034	192986	539502	133033	134479	
1035	191975	538534	135140	134351	
1036	191833	536027	135669	136471	
1037	193919	534091	134958	137032	
1038	194472	535464	133735	136329	
1039	193825	536952	134172	135051	
1040	192566	538802	133162	135470	
1041	192892	539530	133022	134556	
1042	192059	538504	135108	134329	
1043	191857	536092	135660	136391	
1044	193808	534126	135012	137054	
1045	194504	535374	133750	136372	
1046	193809	536984	134082	135125	
1047	192572	538734	133248	135446	
1048	192871	539448	133046	134635	
1049	192040	538510	134998	134452	