%Iteration	Healthy	Infected_1	Infected_2	Dead	
%pHIV=	[5, 100]	; pINF=	[1, 100000]	

0	953159	46841	0	0	
1	469102	530898	0	0	
2	70002	929998	0	0	
3	58832	410270	530898	0	
4	58808	11194	399100	530898	
5	584376	27	11170	404427	
6	984778	43	24	15155	
7	999473	324	3	200	
8	998893	1063	40	4	
9	997374	2302	284	40	
10	994988	3949	779	284	
11	991710	5984	1523	783	
12	987660	8382	2426	1532	
13	983182	10819	3558	2441	
14	978453	13144	4824	3579	
15	973565	15581	5995	4859	
16	968606	18206	7149	6039	
17	963954	20411	8432	7203	
18	959073	22668	9774	8485	
19	954147	25360	10637	9856	
20	949008	28223	12031	10738	
21	943208	31343	13329	12120	
22	937733	33927	14894	13446	
23	932117	36417	16449	15017	
24	926552	39366	17478	16604	
25	921065	42369	18939	17627	
26	915858	44595	20427	19120	
27	910721	46734	21942	20603	
28	906264	48931	22653	22152	
29	903719	49308	24081	22892	
30	900850	49978	24850	24322	
31	899172	51309	24458	25061	
32	897087	52685	25520	24708	
33	893489	54976	25789	25746	
34	889818	57262	26896	26024	
35	885442	59319	28080	27159	
36	882706	59747	29182	28365	
37	880329	60081	30137	29453	
38	878013	61938	29610	30439	
39	876610	63014	30471	29905	
40	874248	63518	31467	30767	
41	873548	63181	31547	31724	
42	874228	61937	31971	31864	
43	876420	60064	31210	32306	
44	879128	58626	30727	31519	
45	880354	59244	29337	31065	
46	880591	60480	29289	29640	
47	878455	62003	29955	29587	
48	875209	64022	30525	30244	
49	872775	64892	31478	30855	
50	871655	64030	32544	31771	
51	870604	64213	32348	32835	
52	869180	66491	31682	32647	
53	867496	67955	32531	32018	
54	863671	69505	33960	32864	
55	859977	71786	33995	34242	
56	856038	74123	35510	34329	
57	850270	77598	36276	35856	
58	844867	80658	37847	36628	
59	838072	83972	39751	38205	
60	831692	87263	40907	40138	
61	825409	90212	43065	41314	
62	818077	94238	44198	43487	
63	811478	97888	46014	44620	
64	805267	100077	48224	46432	
65	801289	100361	49664	48686	
66	797700	101729	50413	50158	
67	793327	105795	49948	50930	
68	788096	109694	51781	50429	
69	779466	114179	54014	52341	
70	771675	118146	55680	54499	
71	763323	121997	58499	56181	
72	753853	127431	59647	59069	
73	744707	132651	62350	60292	
74	733678	138326	65081	62915	
75	723112	143649	67570	65669	
76	712119	148909	70756	68216	
77	700117	155555	72893	71435	
78	688369	162005	76016	73610	
79	674792	168910	79539	76759	
80	661962	175264	82466	80308	
81	648649	181660	86444	83247	
82	633679	190227	88820	87274	
83	619000	198457	92840	89703	
84	601968	206952	97387	93693	
85	586379	214211	101070	98340	
86	571803	220266	105882	102049	
87	557195	227684	108329	106792	
88	544154	234517	111937	109392	
89	529445	241774	115747	113034	
90	514593	249779	118770	116858	
91	499308	257735	123004	119953	
92	482970	266024	126775	124231	
93	467815	273244	130960	127981	
94	452008	280671	135064	132257	
95	438052	287425	138180	136343	
96	423673	294276	142491	139560	
97	408454	302751	144934	143861	
98	394247	310066	149342	146345	
99	379422	316426	153409	150743	
100	367596	320892	156657	154855	
101	355800	326206	159769	158225	
102	343804	333762	161123	161311	
103	331837	340373	165083	162707	
104	322282	342330	168679	166709	
105	314958	343013	171694	170335	
106	307975	347982	170636	173407	
107	300804	354397	172377	172422	
108	290647	359735	175605	174013	
109	285052	358904	178792	177252	
110	281585	356855	180943	180617	
111	278849	360376	177961	182814	
112	275659	365735	178894	179712	
113	267579	370236	181482	180703	
114	264043	368438	184253	183266	
115	262480	365438	185983	186099	
116	261432	368306	182455	187807	
117	259320	373347	182983	184350	
118	252325	377547	185323	184805	
119	250930	373944	188024	187102	
120	251136	369332	189523	190009	
121	252608	371575	184421	191396	
122	252871	375918	184911	186300	
123	246823	379714	186664	186799	
124	245865	376380	189254	188501	
125	246288	372090	190460	191162	
126	248247	373418	185920	192415	
127	249466	376477	186170	187887	
128	244991	379683	187248	188078	
129	245215	376425	189229	189131	
130	246249	372159	190454	191138	
131	248246	373421	185971	192362	
132	249530	376452	186188	187830	
133	245008	379713	187233	188046	
134	245140	376482	189219	189159	
135	246274	372102	190494	191130	
136	248203	373367	185988	192442	
137	249467	376449	186114	187970	
138	245117	379652	187253	187978	
139	245107	376552	189196	189145	
140	246274	372205	190456	191065	
141	248142	373396	186096	192366	
142	249397	376437	186109	188057	
143	245204	379539	187287	187970	
144	245026	376592	189150	189232	
145	246281	372237	190389	191093	
146	248162	373354	186203	192281	
147	249362	376526	186034	188078	
148	245147	379616	187320	187917	
149	244979	376609	189206	189206	
150	246155	372234	190410	191201	
151	248171	373231	186199	192399	
152	249451	376408	186035	188106	
153	245134	379702	187196	187968	
154	245032	376664	189212	189092	
155	246199	372249	190490	191062	
156	248144	373315	186174	192367	
157	249470	376411	186075	188044	
158	245122	379667	187240	187971	
159	245012	376645	189171	189172	
160	246212	372186	190496	191106	
161	248313	373251	186149	192287	
162	249412	376532	186037	188019	
163	245091	379752	187214	187943	
164	245029	376570	189318	189083	
165	246163	372192	190434	191211	
166	248256	373262	186136	192346	
167	249355	376505	186056	188084	
168	245117	379696	187206	187981	
169	245015	376545	189299	189141	
170	246158	372195	190397	191250	
171	248371	373220	186148	192261	
172	249328	376549	186047	188076	
173	245265	379728	187173	187834	
174	244859	376642	189376	189123	
175	246204	372179	190352	191265	
176	248260	373115	186290	192335	
177	249378	376493	185889	188240	
178	245376	379655	187226	187743	
179	244773	376807	189267	189153	
180	246291	372244	190388	191077	
181	248136	373124	186419	192321	
182	249378	376449	185825	188348	
183	245426	379561	187299	187714	
184	244816	376869	189150	189165	
185	246197	372330	190411	191062	
186	248104	373120	186458	192318	
187	249290	376408	185872	188430	
188	245463	379521	187248	187768	
189	244751	376881	189160	189208	
190	246345	372311	190361	190983	
191	248039	373170	186520	192271	
192	249342	376462	185791	188405	
193	245550	379442	187379	187629	
194	244625	376969	189083	189323	
195	246334	372301	190359	191006	
196	248009	373086	186610	192295	
197	249293	376461	185691	188555	
198	245572	379421	187395	187612	
199	244629	376986	189066	189319	
200	246369	372335	190355	190941	
201	247930	373151	186631	192288	
202	249391	376431	185704	188474	
203	245578	379422	187447	187553	
204	244628	377070	188984	189318	
205	246444	372279	190438	190839	
206	247850	373091	186632	192427	
207	249501	376298	185647	188554	
208	245685	379384	187444	187487	
209	244573	377257	188854	189316	
210	246319	372333	190530	190818	
211	247889	372959	186727	192425	
212	249514	376283	185606	188597	
213	245572	379509	187353	187566	
214	244632	377220	188930	189218	
215	246270	372340	190579	190811	
216	247854	373026	186641	192479	
217	249452	376242	185699	188607	
218	245639	379424	187327	187610	
219	244672	377202	188915	189211	
220	246208	372434	190509	190849	
221	247831	373016	186693	192460	
222	249496	376152	185741	188611	
223	245741	379417	187275	187567	
224	244654	377339	188877	189130	
225	246189	372520	190540	190751	
226	247669	372994	186799	192538	
227	249533	376015	185721	188731	
228	245805	379316	187273	187606	
229	244626	377429	188742	189203	
230	246250	372534	190574	190642	
231	247675	372989	186855	192481	
232	249473	376061	185679	188787	
233	245836	379304	187310	187550	
234	244536	377473	188751	189240	
235	246267	372527	190553	190653	
236	247687	372940	186920	192453	
237	249490	376063	185607	188840	
238	245926	379277	187333	187464	
239	244474	377524	188730	189272	
240	246315	372504	190547	190634	
241	247710	372911	186977	192402	
242	249316	376152	185527	189005	
243	246006	379160	187384	187450	
244	244548	377437	188768	189247	
245	246253	372661	190392	190694	
246	247787	372923	187045	192245	
247	249310	376149	185616	188925	
248	245991	379221	187307	187481	
249	244549	377454	188842	189155	
250	246236	372691	190379	190694	
251	247682	372931	187075	192312	
252	249280	376077	185616	189027	
253	245978	379122	187315	187585	
254	244684	377387	188762	189167	
255	246178	372771	190360	190691	
256	247703	372981	187027	192289	
257	249294	375992	185744	188970	
258	245999	379113	187237	187651	
259	244672	377411	188755	189162	
260	246242	372769	190358	190631	
261	247720	373005	187053	192222	
262	249297	376051	185716	188936	
263	245955	379116	187289	187640	
264	244685	377382	188762	189171	
265	246251	372771	190354	190624	
266	247730	373050	187028	192192	
267	249277	376100	185743	188880	
268	245980	379107	187307	187606	
269	244603	377350	188793	189254	
270	246295	372699	190314	190692	
271	247686	373001	187036	192277	
272	249279	376050	185663	189008	
273	246056	379042	187338	187564	
274	244671	377450	188712	189167	
275	246217	372864	190330	190589	
276	247555	373058	187120	192267	
277	249250	375947	185744	189059	
278	246065	378968	187314	187653	
279	244738	377491	188633	189138	
280	246145	372957	190335	190563	
281	247656	373031	187156	192157	
282	249225	375948	185801	189026	
283	246034	379026	187230	187710	
284	244733	377429	188718	189120	
285	246122	372948	190308	190622	
286	247653	373026	187121	192200	
287	249271	375942	185827	188960	
288	246020	379081	187199	187700	
289	244805	377422	188743	189030	
290	246013	372975	190338	190674	
291	247759	372985	187084	192172	
292	249160	375934	185891	189015	
293	246027	379092	187094	187787	
294	244868	377366	188840	188926	
295	246038	373068	190252	190642	
296	247667	373073	187114	192146	
297	249161	375856	185954	189029	
298	246087	378946	187119	187848	
299	244937	377364	188737	188962	
300	246006	373168	190209	190617	
301	247634	373100	187155	192111	
302	249130	375789	186013	189068	
303	246094	378896	187087	187923	
304	244987	377360	188702	188951	
305	246046	373223	190194	190537	
306	247601	373187	187166	192046	
307	249014	375802	186057	189127	
308	246225	378777	187130	187868	
309	244935	377401	188672	188992	
310	245975	373317	190105	190603	
311	247673	373094	187296	191937	
312	248881	375809	186021	189289	
313	246340	378690	187073	187897	
314	244979	377339	188736	188946	
315	245905	373446	189954	190695	
316	247668	373037	187385	191910	
317	248938	375713	186061	189288	
318	246232	378756	186976	188036	
319	245077	377333	188737	188853	
320	245832	373468	190019	190681	
321	247644	373089	187314	191953	
322	249015	375660	186154	189171	
323	246200	378818	186935	188047	
324	245074	377386	188725	188815	
325	245727	373466	190093	190714	
326	247742	372973	187293	191992	
327	248967	375609	186173	189251	
328	246303	378868	186800	188029	
329	245080	377436	188809	188675	
330	245685	373541	190059	190715	
331	247794	372929	187377	191900	
332	248916	375626	186164	189294	
333	246263	378861	186765	188111	
334	245160	377343	188861	188636	
335	245555	373592	190000	190853	
336	247789	372882	187343	191986	
337	248981	375506	186249	189264	
338	246329	378898	186633	188140	
339	245137	377432	188873	188558	
340	245595	373647	190025	190733	
341	247716	372931	187407	191946	
342	248858	375510	186240	189392	
343	246377	378744	186691	188188	
344	245207	377361	188819	188613	
345	245678	373736	189925	190661	
346	247571	373060	187436	191933	
347	249027	375421	186300	189252	
348	246252	378763	186760	188225	
349	245200	377445	188661	188694	
350	245810	373632	190102	190456	
351	247484	373170	187343	192003	
352	248949	375474	186289	189288	
353	246321	378627	186881	188171	
354	245253	377437	188593	188717	
355	245744	373727	190034	190495	
356	247549	373169	187403	191879	
357	248926	375458	186324	189292	
358	246329	378620	186845	188206	
359	245183	377424	188613	188780	
360	245835	373700	190007	190458	
361	247463	373217	187417	191903	
362	248812	375484	186283	189421	
363	246483	378428	186934	188155	
364	245227	377423	188550	188800	
365	245851	373862	189878	190409	
366	247411	373268	187545	191776	
367	248713	375458	186317	189512	
368	246547	378312	186951	188190	
369	245197	377442	188507	188854	
370	245874	373921	189805	190400	
371	247349	373240	187637	191774	
372	248839	375398	186284	189479	
373	246525	378370	186956	188149	
374	245150	377546	188442	188862	
375	245846	373868	189928	190358	
376	247377	373195	187618	191810	
377	248824	375385	186250	189541	
378	246555	378363	186945	188137	
379	245117	377560	188440	188883	
380	245933	373861	189923	190283	
381	247299	373251	187637	191813	
382	248801	375434	186224	189541	
383	246524	378296	187027	188153	
384	245155	377498	188407	188940	
385	245871	373848	189889	190392	
386	247408	373195	187609	191788	
387	248836	375454	186239	189471	
388	246409	378432	186956	188203	
389	245211	377438	188498	188853	
390	245907	373809	189934	190350	
391	247391	373298	187504	191807	
392	248792	375472	186305	189431	
393	246387	378356	186993	188264	
394	245317	377367	188479	188837	
395	245901	373904	189877	190318	
396	247307	373411	187490	191792	
397	248724	375433	186414	189429	
398	246411	378260	186997	188332	
399	245400	377330	188436	188834	
400	245885	374004	189824	190287	
401	247292	373484	187506	191718	
402	248677	375371	186498	189454	
403	246503	378146	186986	188365	
404	245321	377367	188385	188927	
405	245982	374015	189761	190242	
406	247285	373488	187606	191621	
407	248582	375480	186409	189529	
408	246610	378103	187079	188208	
409	245243	377391	188401	188965	
410	245877	374054	189702	190367	
411	247338	373340	187689	191633	
412	248635	375413	186365	189587	
413	246604	378172	186975	188249	
414	245292	377449	188438	188821	
415	245854	374098	189734	190314	
416	247291	373340	187715	191654	
417	248571	375352	186383	189694	
418	246661	378076	186957	188306	
419	245248	377451	188395	188906	
420	245924	374126	189681	190269	
421	247257	373386	187770	191587	
422	248497	375392	186356	189755	
423	246720	377958	187030	188292	
424	245402	377407	188362	188829	
425	245901	374325	189596	190178	
426	247116	373548	187811	191525	
427	248442	375264	186514	189780	
428	246765	377788	187034	188413	
429	245458	377423	188230	188889	
430	245884	374429	189558	190129	
431	247165	373560	187865	191410	
432	248350	375286	186564	189800	
433	246734	377762	186996	188508	
434	245494	377314	188290	188902	
435	245916	374441	189472	190171	
436	247116	373617	187842	191425	
437	248346	375250	186599	189805	
438	246725	377699	187018	188558	
439	245577	377307	188232	188884	
440	245843	374530	189467	190160	
441	247139	373649	187840	191372	
442	248385	375201	186690	189724	
443	246761	377717	186959	188563	
444	245543	377365	188242	188850	
445	245924	374534	189475	190067	
446	247052	373683	187890	191375	
447	248298	375203	186644	189855	
448	246835	377591	187039	188535	
449	245587	377375	188164	188874	
450	245889	374659	189427	190025	
451	247064	373711	187948	191277	
452	248252	375158	186711	189879	
453	246897	377524	187000	188579	
454	245575	377385	188158	188882	
455	245902	374708	189366	190024	
456	246976	373713	188019	191292	
457	248232	375127	186689	189952	
458	247013	377420	187024	188543	
459	245495	377441	188103	188961	
460	245940	374753	189317	189990	
461	247041	373679	188124	191156	
462	248059	375215	186629	190097	
463	247087	377344	187050	188519	
464	245574	377389	188165	188872	
465	245837	374912	189179	190072	
466	246979	373671	188210	191140	
467	248097	375074	186702	190127	
468	247166	377326	186969	188539	
469	245587	377517	188105	188791	
470	245787	375007	189221	189985	
471	247014	373618	188296	191072	
472	248036	375036	186711	190217	
473	247190	377281	186907	188622	
474	245656	377467	188129	188748	
475	245699	375096	189152	190053	
476	247061	373599	188315	191025	
477	247981	374994	186781	190244	
478	247197	377285	186818	188700	
479	245693	377430	188176	188701	
480	245789	375123	189109	189979	
481	246938	373723	188321	191018	
482	248008	374997	186802	190193	
483	247190	377214	186921	188675	
484	245690	377453	188076	188781	
485	245758	375136	189138	189968	
486	246926	373695	188315	191064	
487	248029	374924	186821	190226	
488	247175	377215	186874	188736	
489	245796	377469	188050	188685	
490	245670	375235	189165	189930	
491	246969	373734	188304	190993	
492	247930	374876	186931	190263	
493	247227	377129	186803	188841	
494	245790	377411	188073	188726	
495	245682	375281	189056	189981	
496	246904	373743	188355	190998	
497	247946	374850	186926	190278	
498	247263	377108	186817	188812	
499	245796	377473	188033	188698	
500	245715	375327	189075	189883	
501	246803	373788	188398	191011	
502	247976	374796	186929	190299	
503	247297	377045	186859	188799	
504	245806	377525	187937	188732	
505	245758	375346	189108	189788	
506	246717	373828	188417	191038	
507	247964	374751	186929	190356	
508	247286	376952	186899	188863	
509	245773	377528	187852	188847	
510	245838	375329	189100	189733	
511	246750	373885	188428	190937	
512	247896	374874	186901	190329	
513	247299	376916	186984	188801	
514	245783	377467	187890	188860	
515	245851	375349	189026	189774	
516	246775	373891	188441	190893	
517	247885	374895	186908	190312	
518	247272	376929	186983	188816	
519	245807	377422	187912	188859	
520	245801	375352	189017	189830	
521	246742	373896	188405	190957	
522	247957	374837	186947	190259	
523	247210	376985	186949	188856	
524	245842	377440	187888	188830	
525	245817	375331	189097	189755	
526	246736	373957	188343	190964	
527	247925	374846	186988	190241	
528	247140	376933	186969	188958	
529	245911	377333	187877	188879	
530	245818	375324	189056	189802	
531	246786	374010	188277	190927	
532	247823	374887	187047	190243	
533	247238	376889	186963	188910	
534	245953	377352	187924	188771	
535	245766	375486	188965	189783	
536	246813	374005	188387	190795	
537	247735	374871	187099	190295	
538	247199	376853	186906	189042	
539	246070	377227	187965	188738	
540	245763	375554	188888	189795	
541	246750	374126	188339	190785	
542	247724	374804	187215	190257	
543	247152	376763	186911	189174	
544	246198	377179	187893	188730	
545	245729	375657	188870	189744	
546	246704	374234	188309	190753	
547	247758	374730	187348	190164	
548	247152	376746	186886	189216	
549	246258	377199	187844	188699	
550	245631	375697	188902	189770	
551	246665	374193	188297	190845	
552	247701	374589	187400	190310	
553	247280	376638	186793	189289	
554	246226	377262	187796	188716	
555	245719	375778	188842	189661	
556	246655	374233	188420	190692	
557	247550	374690	187358	190402	
558	247398	376511	186875	189216	
559	246115	377223	187815	188847	
560	245826	375797	188696	189681	
561	246629	374231	188527	190613	
562	247616	374727	187270	190387	
563	247318	376529	186961	189192	
564	246225	377229	187766	188780	
565	245744	375839	188763	189654	
566	246530	374265	188466	190739	
567	247767	374572	187373	190288	
568	247259	376579	186892	189270	
569	246213	377322	187680	188785	
570	245760	375794	188899	189547	
571	246501	374280	188423	190796	
572	247749	374558	187371	190322	
573	247235	376537	186909	189319	
574	246228	377270	187649	188853	
575	245802	375761	188888	189549	
576	246537	374323	188382	190758	
577	247699	374620	187379	190302	
578	247252	376533	186944	189271	
579	246283	377260	187676	188781	
580	245707	375839	188857	189597	
581	246550	374300	188403	190747	
582	247799	374570	187436	190195	
583	247153	376650	186864	189333	
584	246253	377249	187706	188792	
585	245779	375709	188944	189568	
586	246556	374340	188305	190799	
587	247750	374654	187404	190192	
588	247177	376627	186936	189260	
589	246179	377227	187718	188876	
590	245846	375643	188909	189602	
591	246530	374337	188318	190815	
592	247697	374712	187325	190266	
593	247247	376553	187012	189188	
594	246130	377255	187700	188915	
595	245889	375684	188853	189574	
596	246489	374334	188402	190775	
597	247696	374698	187282	190324	
598	247222	376497	187052	189229	
599	246264	377236	187646	188854	
600	245815	375804	188851	189530	
601	246436	374396	188385	190783	
602	247673	374578	187419	190330	
603	247205	376439	186977	189379	
604	246327	377189	187601	188883	
605	245788	375849	188838	189525	
606	246554	374451	188351	190644	
607	247556	374670	187498	190276	
608	247194	376429	186953	189424	
609	246438	377060	187717	188785	
610	245697	375951	188712	189640	
611	246583	374457	188348	190612	
612	247538	374604	187603	190255	
613	247232	376449	186854	189465	
614	246393	377083	187750	188774	
615	245632	375941	188699	189728	
616	246640	374357	188384	190619	
617	247530	374601	187557	190312	
618	247257	376482	186800	189461	
619	246331	377095	187801	188773	
620	245724	375906	188681	189689	
621	246591	374376	188414	190619	
622	247572	374636	187492	190300	
623	247250	376480	186884	189386	
624	246385	377136	187752	188727	
625	245606	375936	188728	189730	
626	246758	374300	188408	190534	
627	247507	374697	187528	190268	
628	247121	376604	186772	189503	
629	246442	376979	187925	188654	
630	245658	375894	188679	189769	
631	246750	374416	188300	190534	
632	247504	374741	187594	190161	
633	247097	376581	186822	189500	
634	246421	376918	187919	188742	
635	245652	375845	188662	189841	
636	246746	374403	188256	190595	
637	247525	374722	187589	190164	
638	247091	376592	186814	189503	
639	246498	376928	187908	188666	
640	245706	375902	188684	189708	
641	246618	374530	188244	190608	
642	247557	374661	187658	190124	
643	247012	376513	186872	189603	
644	246542	376896	187789	188773	
645	245699	375883	188724	189694	
646	246576	374572	188172	190680	
647	247626	374603	187711	190060	
648	247061	376525	186861	189553	
649	246476	377006	187742	188776	
650	245684	375872	188783	189661	
651	246621	374498	188223	190658	
652	247623	374633	187649	190095	
653	246979	376577	186849	189595	
654	246576	376932	187784	188708	
655	245716	375874	188793	189617	
656	246523	374619	188139	190719	
657	247643	374573	187735	190049	
658	247005	376491	186884	189620	
659	246522	376979	187689	188810	
660	245816	375856	188802	189526	
661	246434	374658	188177	190731	
662	247624	374584	187679	190113	
663	247085	376404	186979	189532	
664	246417	377055	187605	188923	
665	245867	375841	188799	189493	
666	246320	374627	188256	190797	
667	247685	374527	187585	190203	
668	247117	376332	187042	189509	
669	246393	377133	187485	188989	
670	245955	375857	188847	189341	
671	246255	374697	188286	190762	
672	247771	374550	187571	190108	
673	247066	376364	187126	189444	
674	246412	377183	187424	188981	
675	245893	375818	188940	189349	
676	246261	374637	188243	190859	
677	247785	374496	187575	190144	
678	247057	376379	187062	189502	
679	246377	377162	187434	189027	
680	245919	375753	188945	189383	
681	246276	374631	188217	190876	
682	247773	374545	187536	190146	
683	247148	376393	187095	189364	
684	246286	377259	187450	189005	
685	245920	375778	188943	189359	
686	246247	374550	188316	190887	
687	247880	374511	187462	190147	
688	247039	376469	187088	189404	
689	246413	377253	187423	188911	
690	245857	375787	189046	189310	
691	246271	374611	188207	190911	
692	247835	374480	187580	190105	
693	246965	376456	187031	189548	
694	246525	377143	187449	188883	
695	245866	375828	189007	189299	
696	246236	374719	188136	190909	
697	247842	374434	187692	190032	
698	246958	376424	187027	189591	
699	246480	377157	187407	188956	
700	245929	375791	189017	189263	
701	246253	374749	188140	190858	
702	247810	374512	187651	190027	
703	246972	376395	187098	189535	
704	246435	377121	187414	189030	
705	245992	375751	188981	189276	
706	246170	374790	188140	190900	
707	247871	374521	187611	189997	
708	246925	376376	187179	189520	
709	246393	377134	187342	189131	
710	246102	375669	189034	189195	
711	246168	374842	188100	190890	
712	247825	374622	187569	189984	
713	246863	376344	187273	189520	
714	246527	377024	187349	189100	
715	246069	375734	188995	189202	
716	246135	374949	188029	190887	
717	247747	374558	187705	189990	
718	246960	376229	187244	189567	
719	246508	377053	187314	189125	
720	246068	375817	188915	189200	
721	246091	374926	188138	190845	
722	247741	374510	187679	190070	
723	246982	376180	187247	189591	
724	246484	377071	187263	189182	
725	246162	375801	188917	189120	
726	246043	374973	188154	190830	
727	247762	374547	187647	190044	
728	246975	376151	187326	189548	
729	246409	377077	187221	189293	
730	246281	375736	188930	189053	
731	246015	375042	188147	190796	
732	247720	374647	187589	190044	
733	246928	376082	187453	189537	
734	246435	377000	187194	189371	
735	246313	375711	188888	189088	
736	245964	375079	188112	190845	
737	247695	374624	187599	190082	
738	246946	376021	187480	189553	
739	246495	376997	187144	189364	
740	246295	375794	188877	189034	
741	245990	375146	188120	190744	
742	247639	374632	187674	190055	
743	246998	375979	187472	189551	
744	246373	376985	187160	189482	
745	246350	375719	188819	189112	
746	246082	375084	188166	190668	
747	247520	374795	187553	190132	
748	247058	375957	187531	189454	
749	246415	376928	187264	189393	
750	246369	375830	188693	189108	
751	246006	375145	188235	190614	
752	247492	374724	187595	190189	
753	247161	375838	187550	189451	
754	246376	377002	187174	189448	
755	246380	375895	188664	189061	
756	246090	375116	188338	190456	
757	247322	374828	187557	190293	
758	247312	375765	187559	189364	
759	246313	376980	187269	189438	
760	246388	375969	188496	189147	
761	246111	375049	188484	190356	
762	247316	374852	187485	190347	
763	247265	375773	187564	189398	
764	246281	376930	187288	189501	
765	246489	375902	188485	189124	
766	246078	375125	188445	190352	
767	247357	374926	187457	190260	
768	247195	375790	187668	189347	
769	246237	376912	187258	189593	
770	246578	375802	188532	189088	
771	246015	375178	188380	190427	
772	247337	374952	187422	190289	
773	247189	375712	187756	189343	
774	246291	376887	187196	189626	
775	246593	375843	188516	189048	
776	245945	375252	188371	190432	
777	247322	374901	187472	190305	
778	247238	375622	187780	189360	
779	246256	376913	187121	189710	
780	246661	375846	188501	188992	
781	245935	375280	188412	190373	
782	247318	374964	187434	190284	
783	247187	375610	187846	189357	
784	246321	376856	187118	189705	
785	246658	375864	188492	188986	
786	245967	375336	188364	190333	
787	247319	374986	187500	190195	
788	247124	375651	187836	189389	
789	246295	376801	187150	189754	
790	246704	375770	188501	189025	
791	245906	375359	188300	190435	
792	247334	374980	187470	190216	
793	247180	375600	187889	189331	
794	246269	376870	187091	189770	
795	246657	375799	188509	189035	
796	245951	375276	188361	190412	
797	247378	374966	187438	190218	
798	247161	375682	187838	189319	
799	246217	376892	187128	189763	
800	246666	375733	188554	189047	
801	245978	375242	188338	190442	
802	247361	375007	187395	190237	
803	247071	375698	187847	189384	
804	246386	376780	187160	189674	
805	246551	375813	188538	189098	
806	245984	375310	188242	190464	
807	247268	374913	187571	190248	
808	247182	375624	187739	189455	
809	246369	376811	187174	189646	
810	246608	375908	188450	189034	
811	245963	375333	188361	190343	
812	247307	374926	187547	190220	
813	247123	375624	187786	189467	
814	246342	376784	187140	189734	
815	246659	375818	188484	189039	
816	245989	375359	188300	190352	
817	247277	375010	187518	190195	
818	247144	375626	187841	189389	
819	246302	376776	187169	189753	
820	246742	375805	188457	188996	
821	245902	375406	188319	190373	
822	247286	375005	187486	190223	
823	247162	375553	187920	189365	
824	246293	376804	187085	189818	
825	246820	375810	188468	188902	
826	245914	375473	188336	190277	
827	247186	375099	187474	190241	
828	247153	375460	187999	189388	
829	246293	376691	187100	189916	
830	246878	375803	188360	188959	
831	245867	375537	188331	190265	
832	247140	375116	187472	190272	
833	247218	375372	188065	189345	
834	246333	376729	187051	189887	
835	246749	375927	188321	189003	
836	245940	375450	188408	190202	
837	247140	375057	187519	190284	
838	247294	375445	187931	189330	
839	246272	376792	187126	189810	
840	246688	375930	188319	189063	
841	246054	375332	188473	190141	
842	247124	375103	187457	190316	
843	247274	375532	187875	189319	
844	246198	376763	187228	189811	
845	246629	375845	188304	189222	
846	246188	375191	188459	190162	
847	247105	375174	187386	190335	
848	247171	375655	187805	189369	
849	246282	376635	187369	189714	
850	246716	375813	188286	189185	
851	246116	375359	188349	190176	
852	247134	375200	187464	190202	
853	247078	375614	187895	189413	
854	246324	376566	187305	189805	
855	246702	375765	188309	189224	
856	246140	375390	188257	190213	
857	247185	375209	187508	190098	
858	247005	375692	187882	189421	
859	246355	376554	187327	189764	
860	246633	375725	188365	189277	
861	246174	375352	188189	190285	
862	247163	375175	187536	190126	
863	247037	375713	187816	189434	
864	246404	376573	187359	189664	
865	246600	375811	188354	189235	
866	246151	375374	188219	190256	
867	247211	375118	187592	190079	
868	246962	375728	187782	189528	
869	246478	376540	187336	189646	
870	246573	375810	188392	189225	
871	246212	375422	188148	190218	
872	247195	375150	187662	189993	
873	246965	375766	187760	189509	
874	246447	376530	187390	189633	
875	246530	375785	188376	189309	
876	246182	375344	188154	190320	
877	247264	375078	187631	190027	
878	246939	375810	187713	189538	
879	246422	376573	187365	189640	
880	246623	375742	188445	189190	
881	246092	375415	188128	190365	
882	247247	375081	187614	190058	
883	246928	375712	187801	189559	
884	246459	376542	187280	189719	
885	246702	375754	188432	189112	
886	245961	375531	188110	190398	
887	247353	375031	187644	189972	
888	246874	375675	187887	189564	
889	246382	376592	187144	189882	
890	246805	375626	188531	189038	
891	245969	375550	188061	190420	
892	247304	375140	187565	189991	
893	246937	375644	187985	189434	
894	246363	376611	187155	189871	
895	246712	375668	188489	189131	
896	246111	375446	188122	190321	
897	247110	375198	187546	190146	
898	247030	375599	187900	189471	
899	246382	376515	187298	189805	
900	246780	375776	188301	189143	
901	246030	375525	188214	190231	
902	247169	375177	187562	190092	
903	246965	375570	187963	189502	
904	246375	376504	187214	189907	
905	246892	375702	188356	189050	
906	245960	375631	188148	190261	
907	247177	375227	187554	190042	
908	246975	375508	188077	189440	
909	246326	376516	187150	190008	
910	246849	375659	188358	189134	
911	245945	375522	188158	190375	
912	247383	375153	187501	189963	
913	246867	375698	188021	189414	
914	246357	376620	187132	189891	
915	246817	375596	188566	189021	
916	246001	375539	188054	190406	
917	247371	375186	187542	189901	
918	246837	375743	187997	189423	
919	246415	376575	187189	189821	
920	246753	375626	188554	189067	
921	246015	375543	188021	190421	
922	247298	375140	187605	189957	
923	246795	375691	187938	189576	
924	246547	376466	187202	189785	
925	246703	375704	188489	189104	
926	246101	375614	187977	190308	
927	247244	375174	187727	189855	
928	246791	375713	187887	189609	
929	246596	376401	187287	189716	
930	246569	375758	188426	189247	
931	246176	375544	187975	190305	
932	247246	375119	187783	189852	
933	246781	375793	187761	189665	
934	246606	376404	187358	189632	
935	246503	375761	188435	189301	
936	246166	375474	187969	190391	
937	247268	375035	187792	189905	
938	246780	375806	187682	189732	
939	246658	376415	187353	189574	
940	246452	375805	188453	189290	
941	246179	375486	187962	190373	
942	247315	375011	187843	189831	
943	246683	375872	187643	189802	
944	246739	376374	187368	189519	
945	246420	375793	188504	189283	
946	246168	375528	187870	190434	
947	247377	374959	187923	189741	
948	246638	375913	187605	189844	
949	246712	376378	187354	189556	
950	246446	375717	188559	189278	
951	246214	375528	187819	190439	
952	247349	375030	187898	189723	
953	246619	375929	187630	189822	
954	246767	376336	187400	189497	
955	246447	375761	188529	189263	
956	246153	375589	187807	190451	
957	247405	374970	187954	189671	
958	246562	375919	187635	189884	
959	246906	376333	187335	189426	
960	246324	375846	188584	189246	
961	246184	375611	187749	190456	
962	247304	374872	188097	189727	
963	246616	375853	187514	190017	
964	247018	376294	187358	189330	
965	246169	376004	188495	189332	
966	246195	375559	187799	190447	
967	247360	374739	188205	189696	
968	246693	375923	187354	190030	
969	246951	376421	187385	189243	
970	246136	376017	188538	189309	
971	246172	375458	187883	190487	
972	247371	374680	188134	189815	
973	246763	375908	187324	190005	
974	246943	376502	187356	189199	
975	246081	376080	188552	189287	
976	246167	375401	187950	190482	
977	247412	374625	188130	189833	
978	246802	375958	187271	189969	
979	246966	376586	187354	189094	
980	246045	376134	188604	189217	
981	246101	375384	187982	190533	
982	247426	374520	188152	189902	
983	246830	375900	187232	190038	
984	246967	376625	187288	189120	
985	246088	376166	188612	189134	
986	246089	375422	188013	190476	
987	247367	374548	188153	189932	
988	246891	375831	187269	190009	
989	246908	376627	187279	189186	
990	246027	376167	188552	189254	
991	246198	375312	188075	190415	
992	247357	374607	188092	189944	
993	246830	375924	187220	190026	
994	246976	376555	187387	189082	
995	246045	376184	188537	189234	
996	246137	375400	188018	190445	
997	247254	374559	188166	190021	
998	246929	375765	187234	190072	
999	247017	376556	187325	189102	
1000	246001	376319	188440	189240	
1001	246213	375388	188116	190283	
1002	247134	374588	188203	190075	
1003	247044	375726	187185	190045	
1004	246907	376551	187403	189139	
1005	246033	376322	188323	189322	
1006	246242	375314	188228	190216	
1007	247109	374650	188094	190147	
1008	247016	375724	187220	190040	
1009	246937	376500	187430	189133	
1010	246060	376332	188294	189314	
1011	246194	375367	188206	190233	
1012	247129	374622	188126	190123	
1013	247087	375700	187241	189972	
1014	246903	376589	187381	189127	
1015	246005	376361	188319	189315	
1016	246223	375282	188270	190225	
1017	247128	374603	188091	190178	
1018	247075	375729	187191	190005	
1019	246916	376573	187412	189099	
1020	246032	376358	188317	189293	
1021	246216	375326	188256	190202	
1022	247184	374621	188102	190093	
1023	246998	375771	187224	190007	
1024	246835	376563	187397	189205	
1025	246097	376215	188374	189314	
1026	246214	375311	188189	190286	
1027	247325	374689	188026	189960	
1028	246848	375917	187285	189950	
1029	246843	376548	187404	189205	
1030	246076	376067	188513	189344	
1031	246269	375293	188035	190403	
1032	247269	374715	188032	189984	
1033	246914	375912	187261	189913	
1034	246787	376550	187454	189209	
1035	246157	376069	188458	189316	
1036	246245	375318	188092	190345	
1037	247261	374773	187977	189989	
1038	246917	375879	187341	189863	
1039	246786	376554	187432	189228	
1040	246174	376072	188447	189307	
1041	246185	375323	188107	190385	
1042	247283	374727	187965	190025	
1043	246943	375840	187358	189859	
1044	246848	376601	187369	189182	
1045	246114	376167	188471	189248	
1046	246105	375340	188130	190425	
1047	247347	374595	188037	190021	
1048	246981	375827	187303	189889	
1049	246860	376702	187292	189146	