%Iteration	Healthy	Infected_1	Infected_2	Dead	
%pHIV=	[5, 100]	; pINF=	[1, 100000]	

0	952726	47274	0	0	
1	465667	534333	0	0	
2	69493	930507	0	0	
3	58833	406834	534333	0	
4	58808	10685	396174	534333	
5	587842	34	10660	401464	
6	985194	102	25	14679	
7	999128	704	9	159	
8	997813	2084	93	10	
9	995093	4203	611	93	
10	990818	7097	1473	612	
11	985041	10752	2730	1477	
12	977715	15175	4367	2743	
13	969139	20078	6385	4398	
14	959424	25358	8790	6428	
15	948764	31092	11288	8856	
16	937309	37266	14070	11355	
17	925170	43627	17022	14181	
18	912259	50351	20244	17146	
19	898391	57790	23383	20436	
20	884309	65128	26968	23595	
21	870468	71494	30822	27216	
22	856953	77642	34306	31099	
23	843859	84375	37188	34578	
24	831335	90674	40454	37537	
25	820281	94977	43921	40821	
26	810666	98266	46753	44315	
27	802313	102265	48224	47198	
28	795263	105980	50042	48715	
29	787489	109734	52223	50554	
30	779405	114089	53757	52749	
31	770911	118820	55977	54292	
32	761178	124145	58112	56565	
33	751089	129539	60708	58664	
34	740515	134750	63437	61298	
35	729758	140100	66102	64040	
36	719353	145249	68648	66750	
37	708164	151034	71452	69350	
38	696501	157562	73797	72140	
39	685431	162760	77237	74572	
40	673404	168299	80325	77972	
41	661535	174908	82435	81122	
42	649134	181787	85864	83215	
43	634670	189542	89044	86744	
44	620948	196399	92743	89910	
45	605707	203845	96799	93649	
46	593005	209675	99600	97720	
47	579984	215174	104245	100597	
48	567199	222071	105430	105300	
49	555592	228207	109744	106457	
50	542564	234313	112327	110796	
51	530766	239915	115880	113439	
52	517466	247084	118433	117017	
53	504807	254131	121482	119580	
54	491119	260555	125602	122724	
55	477510	267132	128529	126829	
56	464350	273828	132026	129796	
57	449963	281627	135106	133304	
58	437788	287035	138722	136455	
59	426877	290202	142905	140016	
60	416670	294902	144130	144298	
61	408135	300208	146072	145585	
62	398979	304681	148830	147510	
63	391977	306346	151378	150299	
64	386793	307003	153303	152901	
65	383053	309112	153043	154792	
66	379715	311743	153960	154582	
67	373740	315645	155152	155463	
68	368345	318405	156591	156659	
69	362014	320769	159054	158163	
70	355295	324630	159351	160724	
71	349081	328607	161418	160894	
72	339787	333988	163212	163013	
73	332281	337436	165395	164888	
74	324859	339505	168593	167043	
75	317291	343614	168843	170252	
76	311607	347224	170662	170507	
77	303188	351484	172952	172376	
78	296794	354256	174272	174678	
79	291154	355574	177212	176060	
80	285159	358807	177044	178990	
81	282308	360309	178530	178853	
82	276863	362539	180277	180321	
83	273463	364388	180032	182117	
84	270871	364771	182507	181851	
85	266495	367280	181881	184344	
86	264666	368701	182890	183743	
87	260208	370708	184390	184694	
88	257516	371904	184311	186269	
89	255969	371494	186397	186140	
90	253409	372862	185507	188222	
91	253435	373204	185987	187374	
92	251092	374154	186875	187879	
93	250311	374589	186329	188771	
94	250093	373838	187825	188244	
95	248711	374808	186764	189717	
96	249363	374923	187074	188640	
97	247603	375685	187734	188978	
98	247368	375722	187189	189721	
99	247739	374655	188496	189110	
100	246791	375591	187226	190392	
101	247808	375663	187429	189100	
102	246471	375988	188162	189379	
103	246744	375620	187501	190135	
104	247561	374545	188487	189407	
105	246898	375617	187133	190352	
106	247829	375742	187412	189017	
107	246445	376022	188205	189328	
108	246728	375593	187537	190142	
109	247584	374511	188485	189420	
110	246821	375662	187108	190409	
111	247837	375812	187403	188948	
112	246316	376170	188259	189255	
113	246468	375771	187553	190208	
114	247365	374524	188617	189494	
115	246682	375658	187154	190506	
116	247619	375939	187370	189072	
117	246215	376235	188288	189262	
118	246389	375769	187651	190191	
119	247259	374568	188584	189589	
120	246628	375655	187185	190532	
121	247609	375907	187383	189101	
122	246173	376262	188272	189293	
123	246369	375837	187635	190159	
124	247233	374611	188627	189529	
125	246567	375672	187210	190551	
126	247656	375835	187401	189108	
127	246153	376230	188271	189346	
128	246404	375850	187564	190182	
129	247312	374604	188666	189418	
130	246572	375782	187184	190462	
131	247518	375994	187420	189068	
132	246162	376212	188362	189264	
133	246375	375785	187632	190208	
134	247251	374627	188580	189542	
135	246621	375724	187205	190450	
136	247469	375982	187422	189127	
137	246175	376191	188302	189332	
138	246432	375715	187680	190173	
139	247231	374665	188511	189593	
140	246629	375730	187204	190437	
141	247491	375944	187461	189104	
142	246244	376195	188269	189292	
143	246398	375799	187675	190128	
144	247059	374748	188520	189673	
145	246674	375601	187279	190446	
146	247516	375885	187469	189130	
147	246202	376337	188132	189329	
148	246404	375847	187753	189996	
149	247099	374741	188584	189576	
150	246623	375640	187263	190474	
151	247450	375860	187478	189212	
152	246228	376209	188162	189401	
153	246464	375793	187698	190045	
154	247152	374806	188511	189531	
155	246593	375735	187282	190390	
156	247410	375852	187524	189214	
157	246226	376091	188211	189472	
158	246559	375705	187641	190095	
159	247153	374874	188450	189523	
160	246472	375825	187255	190448	
161	247506	375751	187619	189124	
162	246207	376115	188206	189472	
163	246529	375823	187545	190103	
164	247155	374842	188570	189433	
165	246473	375806	187253	190468	
166	247575	375738	187589	189098	
167	246230	376132	188217	189421	
168	246453	375896	187521	190130	
169	247235	374773	188611	189381	
170	246505	375747	187285	190463	
171	247610	375773	187488	189129	
172	246250	376146	188259	189345	
173	246347	375929	187514	190210	
174	247298	374699	188632	189371	
175	246438	375776	187297	190489	
176	247534	375883	187402	189181	
177	246205	376099	188374	189322	
178	246324	375849	187509	190318	
179	247280	374616	188590	189514	
180	246571	375699	187259	190471	
181	247516	375957	187357	189170	
182	246262	376185	188342	189211	
183	246274	375893	187615	190218	
184	247290	374665	188570	189475	
185	246464	375700	187323	190513	
186	247522	375876	187342	189260	
187	246320	376102	188358	189220	
188	246271	375983	187518	190228	
189	247262	374744	188584	189410	
190	246405	375661	187399	190535	
191	247531	375789	187345	189335	
192	246377	376064	188316	189243	
193	246318	376027	187473	190182	
194	247230	374790	188591	189389	
195	246433	375637	187436	190494	
196	247555	375760	187354	189331	
197	246311	376074	188283	189332	
198	246448	375972	187477	190103	
199	247151	374870	188597	189382	
200	246363	375709	187375	190553	
201	247553	375646	187495	189306	
202	246294	376056	188214	189436	
203	246403	375987	187432	190178	
204	247245	374834	188624	189297	
205	246330	375794	187363	190513	
206	247452	375731	187471	189346	
207	246373	375955	188323	189349	
208	246469	375970	187408	190153	
209	247192	374908	188547	189353	
210	246408	375707	187423	190462	
211	247505	375699	187485	189311	
212	246366	376046	188222	189366	
213	246380	375991	187477	190152	
214	247145	374871	188569	189415	
215	246456	375677	187422	190445	
216	247451	375777	187449	189323	
217	246411	376079	188228	189282	
218	246247	376009	187549	190195	
219	247233	374781	188530	189456	
220	246489	375603	187479	190429	
221	247484	375861	187302	189353	
222	246487	376064	188301	189148	
223	246179	376043	187560	190218	
224	247225	374780	188504	189491	
225	246489	375524	187539	190448	
226	247473	375826	187241	189460	
227	246448	376090	188283	189179	
228	246207	376065	187543	190185	
229	247269	374787	188547	189397	
230	246468	375596	187518	190418	
231	247359	375870	187269	189502	
232	246487	375976	188327	189210	
233	246211	375993	187543	190253	
234	247247	374842	188433	189478	
235	246536	375584	187560	190320	
236	247338	375908	187282	189472	
237	246578	375998	188302	189122	
238	246119	376040	187606	190235	
239	247252	374843	188392	189513	
240	246534	375540	187648	190278	
241	247317	375956	187195	189532	
242	246563	375986	188345	189106	
243	246245	375994	187611	190150	
244	247163	374914	188375	189548	
245	246631	375524	187619	190226	
246	247295	375945	187295	189465	
247	246533	376091	188229	189147	
248	246122	375974	187716	190188	
249	247210	374787	188375	189628	
250	246691	375456	187599	190254	
251	247326	376025	187188	189461	
252	246522	376155	188268	189055	
253	246111	375999	187757	190133	
254	247183	374789	188398	189630	
255	246705	375428	187601	190266	
256	247285	376030	187188	189497	
257	246535	376153	188240	189072	
258	246130	375976	187790	190104	
259	247116	374818	188363	189703	
260	246665	375402	187613	190320	
261	247406	375927	187205	189462	
262	246489	376227	188197	189087	
263	246130	376091	187730	190049	
264	247047	374791	188497	189665	
265	246721	375325	187594	190360	
266	247389	375913	187197	189501	
267	246500	376256	188128	189116	
268	246130	376049	187785	190036	
269	247177	374770	188471	189582	
270	246666	375434	187578	190322	
271	247344	375992	187192	189472	
272	246479	376184	188242	189095	
273	246130	375990	187750	190130	
274	247204	374747	188434	189615	
275	246634	375465	187556	190345	
276	247371	375965	187191	189473	
277	246451	376105	188274	189170	
278	246204	375911	187691	190194	
279	247248	374769	188414	189569	
280	246589	375614	187497	190300	
281	247298	376018	187272	189412	
282	246410	376070	188342	189178	
283	246250	375873	187676	190201	
284	247265	374818	188394	189523	
285	246613	375685	187479	190223	
286	247268	376031	187339	189362	
287	246401	376010	188346	189243	
288	246335	375784	187685	190196	
289	247222	374875	188325	189578	
290	246700	375724	187459	190117	
291	247154	376078	187416	189352	
292	246381	376002	188308	189309	
293	246285	375727	187770	190218	
294	247254	374866	188232	189648	
295	246683	375696	187495	190126	
296	247174	376104	187371	189351	
297	246299	376050	188325	189326	
298	246388	375668	187779	190165	
299	247133	374866	188271	189730	
300	246756	375687	187397	190160	
301	247179	376048	187469	189304	
302	246295	376084	188218	189403	
303	246420	375625	187830	190125	
304	247176	374864	188254	189706	
305	246757	375740	187371	190132	
306	247159	376081	187493	189267	
307	246299	376084	188247	189370	
308	246388	375615	187834	190163	
309	247219	374821	188250	189710	
310	246751	375754	187365	190130	
311	247132	376138	187456	189274	
312	246215	376073	188298	189414	
313	246437	375521	187840	190202	
314	247220	374799	188233	189748	
315	246864	375807	187288	190041	
316	247009	376242	187511	189238	
317	246280	376045	188296	189379	
318	246467	375476	187946	190111	
319	247143	374946	188099	189812	
320	246899	375804	187377	189920	
321	247004	376221	187569	189206	
322	246246	376075	188235	189444	
323	246454	375435	187986	190125	
324	247139	374890	188089	189882	
325	246994	375779	187346	189881	
326	246948	376307	187544	189201	
327	246218	376103	188235	189444	
328	246402	375336	188072	190190	
329	247231	374762	188031	189976	
330	246976	375778	187305	189941	
331	246938	376390	187457	189215	
332	246223	376076	188321	189380	
333	246384	375308	188069	190239	
334	247215	374775	188007	190003	
335	247020	375770	187301	189909	
336	246921	376407	187474	189198	
337	246229	376123	188296	189352	
338	246379	375343	188111	190167	
339	247151	374817	188012	190020	
340	247035	375736	187331	189898	
341	246866	376387	187486	189261	
342	246276	376114	188250	189360	
343	246324	375349	188137	190190	
344	247244	374801	187977	189978	
345	246914	375782	187372	189932	
346	246916	376368	187429	189287	
347	246366	376021	188353	189260	
348	246257	375453	188015	190275	
349	247277	374790	188006	189927	
350	246956	375713	187447	189884	
351	246932	376428	187343	189297	
352	246349	376111	188370	189170	
353	246267	375499	188058	190176	
354	247128	374800	188053	190019	
355	246970	375591	187446	189993	
356	247046	376300	187354	189300	
357	246325	376200	188237	189238	
358	246190	375554	188063	190193	
359	247224	374705	188137	189934	
360	246849	375604	187417	190130	
361	247195	376269	187288	189248	
362	246246	376258	188316	189180	
363	246158	375672	187953	190217	
364	247189	374619	188305	189887	
365	246828	375530	187367	190275	
366	247311	376217	187252	189220	
367	246284	376351	188278	189087	
368	246014	375800	187939	190247	
369	247262	374515	188412	189811	
370	246822	375483	187388	190307	
371	247322	376270	187127	189281	
372	246263	376352	188356	189029	
373	246058	375805	187914	190223	
374	247205	374521	188438	189836	
375	246876	375459	187367	190298	
376	247289	376288	187154	189269	
377	246355	376371	188305	188969	
378	245945	375849	187983	190223	
379	247203	374514	188388	189895	
380	246848	375348	187461	190343	
381	247359	376248	187053	189340	
382	246405	376416	188295	188884	
383	245884	375976	187953	190187	
384	247123	374505	188463	189909	
385	246870	375211	187513	190406	
386	247411	376197	186992	189400	
387	246448	376498	188219	188835	
388	245898	376066	187978	190058	
389	247069	374557	188520	189854	
390	246876	375190	187546	190388	
391	247387	376160	187011	189442	
392	246354	376471	188179	188996	
393	246013	375958	187981	190048	
394	247000	374598	188490	189912	
395	246951	375242	187468	190339	
396	247274	376159	187130	189437	
397	246486	376430	188112	188972	
398	245967	375971	188047	190015	
399	247025	374661	188383	189931	
400	246910	375196	187588	190306	
401	247264	376133	187073	189530	
402	246472	376381	188123	189024	
403	245984	375948	188010	190058	
404	246960	374678	188371	189991	
405	246997	375177	187577	190249	
406	247254	376196	187101	189449	
407	246410	376497	188076	189017	
408	245990	375901	188120	189989	
409	246932	374616	188377	190075	
410	247108	375116	187524	190252	
411	247198	376243	187092	189467	
412	246468	376525	188024	188983	
413	245841	375895	188219	190045	
414	247010	374557	188306	190127	
415	247128	375088	187589	190195	
416	247186	376358	186968	189488	
417	246488	376554	188120	188838	
418	245868	375927	188238	189967	
419	246952	374594	188316	190138	
420	247108	375060	187611	190221	
421	247187	376300	186983	189530	
422	246535	376534	188077	188854	
423	245863	375967	188223	189947	
424	247012	374641	188311	190036	
425	247117	375114	187656	190113	
426	247088	376347	186985	189580	
427	246554	376423	188129	188894	
428	245870	375866	188218	190046	
429	246990	374640	188205	190165	
430	247160	375077	187661	190102	
431	247018	376378	186979	189625	
432	246659	376417	188098	188826	
433	245816	375924	188280	189980	
434	246966	374730	188137	190167	
435	247099	375041	187787	190073	
436	247039	376317	186943	189701	
437	246587	376376	188098	188939	
438	245896	375865	188219	190020	
439	247006	374721	188157	190116	
440	247086	375156	187708	190050	
441	247061	376333	187013	189593	
442	246593	376391	188143	188873	
443	245863	375925	188190	190022	
444	246981	374716	188201	190102	
445	247063	375096	187724	190117	
446	247060	376284	186992	189664	
447	246719	376345	188104	188832	
448	245758	376000	188180	190062	
449	247009	374709	188165	190117	
450	247082	374999	187835	190084	
451	247098	376326	186874	189702	
452	246603	376454	188125	188818	
453	245835	375970	188201	189994	
454	247085	374666	188253	189996	
455	246919	375145	187717	190219	
456	247148	376241	186949	189662	
457	246584	376318	188196	188902	
458	245894	376000	188045	190061	
459	247011	374755	188273	189961	
460	246995	375179	187727	190099	
461	247056	376276	187028	189640	
462	246650	376317	188151	188882	
463	245814	375971	188125	190090	
464	247115	374735	188192	189958	
465	246906	375196	187779	190119	
466	247068	376273	186956	189703	
467	246668	376241	188240	188851	
468	245822	376001	188033	190144	
469	247122	374741	188208	189929	
470	246838	375202	187793	190167	
471	247115	376219	186948	189718	
472	246669	376219	188254	188858	
473	245766	376040	187965	190229	
474	247138	374679	188254	189929	
475	246887	375159	187786	190168	
476	247090	376297	186893	189720	
477	246670	376250	188266	188814	
478	245870	376023	188031	190076	
479	247058	374810	188219	189913	
480	246848	375201	187804	190147	
481	247130	376175	187006	189689	
482	246639	376247	188195	188919	
483	245880	376050	187980	190090	
484	247047	374790	188267	189896	
485	246862	375168	187783	190187	
486	247237	376149	187007	189607	
487	246581	376365	188161	188893	
488	245895	376093	187988	190024	
489	247044	374751	188377	189828	
490	246746	375215	187716	190323	
491	247291	376061	187035	189613	
492	246568	376314	188180	188938	
493	245897	376142	187881	190080	
494	247038	374744	188433	189785	
495	246713	375223	187709	190355	
496	247275	376063	187035	189627	
497	246581	376274	188188	188957	
498	245957	376114	187875	190054	
499	246964	374804	188399	189833	
500	246812	375186	187715	190287	
501	247173	376044	187089	189694	
502	246656	376246	188097	189001	
503	245952	376098	187947	190003	
504	247060	374898	188299	189743	
505	246665	375310	187799	190226	
506	247181	376027	187099	189693	
507	246724	376148	188211	188917	
508	245887	376189	187816	190108	
509	247016	374899	188332	189753	
510	246672	375194	187857	190277	
511	247319	375954	187042	189685	
512	246623	376269	188152	188956	
513	245947	376235	187802	190016	
514	246967	374848	188467	189718	
515	246649	375185	187768	190398	
516	247242	375899	187080	189779	
517	246767	376185	188105	188943	
518	245870	376302	187794	190034	
519	246991	374932	188391	189686	
520	246766	375139	187911	190184	
521	247070	376029	187021	189880	
522	246786	376144	188118	188952	
523	245899	376169	187911	190021	
524	246990	374983	188233	189794	
525	246732	375202	187936	190130	
526	247061	376031	187047	189861	
527	246837	376078	188155	188930	
528	245896	376187	187876	190041	
529	247042	375017	188202	189739	
530	246691	375220	187985	190104	
531	247057	376039	187032	189872	
532	246765	376053	188188	188994	
533	246013	376127	187851	190009	
534	246962	375091	188202	189745	
535	246658	375278	187925	190139	
536	247012	375921	187166	189901	
537	246799	375967	188112	189122	
538	246164	376097	187809	189930	
539	246873	375244	188158	189725	
540	246766	375324	187939	189971	
541	246867	375944	187305	189884	
542	246836	375951	188019	189194	
543	246173	376017	187925	189885	
544	246890	375319	188026	189765	
545	246799	375363	187991	189847	
546	246776	375976	187328	189920	
547	246872	375871	188035	189222	
548	246148	375946	187941	189965	
549	246858	375320	187930	189892	
550	246811	375309	188016	189864	
551	246830	375962	187304	189904	
552	246791	375931	188005	189273	
553	246247	375924	187957	189872	
554	246708	375337	187974	189981	
555	246938	375252	187950	189860	
556	246811	375960	187387	189842	
557	246743	376067	187865	189325	
558	246237	375876	188095	189792	
559	246714	375296	187972	190018	
560	246913	375271	187904	189912	
561	246921	375941	187392	189746	
562	246741	376139	187879	189241	
563	246227	375970	188062	189741	
564	246735	375275	188077	189913	
565	246879	375279	187893	189949	
566	246897	375935	187382	189786	
567	246731	376086	187897	189286	
568	246299	375936	188038	189727	
569	246652	375334	188048	189966	
570	246984	375261	187888	189867	
571	246832	375955	187446	189767	
572	246776	376125	187815	189284	
573	246268	375935	188140	189657	
574	246578	375381	187985	190056	
575	246960	375175	187950	189915	
576	246835	375874	187431	189860	
577	246785	376119	187744	189352	
578	246329	375923	188130	189618	
579	246600	375427	187989	189984	
580	246872	375252	187934	189942	
581	246898	375793	187493	189816	
582	246716	376095	187759	189430	
583	246398	375941	188034	189627	
584	246518	375438	188061	189983	
585	246985	375247	187880	189888	
586	246781	375828	187558	189833	
587	246757	376078	187689	189476	
588	246449	375856	188139	189556	
589	246580	375512	187939	189969	
590	246897	375337	187917	189849	
591	246812	375799	187595	189794	
592	246740	376041	187742	189477	
593	246447	375890	188057	189606	
594	246619	375509	187984	189888	
595	246852	375386	187906	189856	
596	246754	375785	187603	189858	
597	246809	375919	187783	189489	
598	246466	375880	188002	189652	
599	246569	375588	187917	189926	
600	246819	375376	187963	189842	
601	246743	375731	187625	189901	
602	246792	375892	187751	189565	
603	246495	375873	187980	189652	
604	246610	375613	187912	189865	
605	246835	375410	187961	189794	
606	246722	375758	187652	189868	
607	246785	375887	187758	189570	
608	246500	375834	188000	189666	
609	246538	375623	187887	189952	
610	246869	375387	187947	189797	
611	246758	375746	187676	189820	
612	246689	375955	187711	189645	
613	246642	375769	188035	189554	
614	246424	375661	187920	189995	
615	246912	375409	187849	189830	
616	246806	375679	187812	189703	
617	246646	376060	187597	189697	
618	246678	375791	188082	189449	
619	246351	375649	187978	190022	
620	246917	375354	187813	189916	
621	246858	375598	187836	189708	
622	246664	376101	187518	189717	
623	246656	375854	188080	189410	
624	246359	375649	188021	189971	
625	246901	375332	187833	189934	
626	246958	375584	187816	189642	
627	246493	376194	187516	189797	
628	246662	375796	188068	189474	
629	246476	375492	188126	189906	
630	246904	375451	187670	189975	
631	246903	375685	187822	189590	
632	246467	376132	187629	189772	
633	246724	375714	188056	189506	
634	246380	375528	188076	190016	
635	247018	375435	187638	189909	
636	246900	375731	187890	189479	
637	246418	376253	187545	189784	
638	246724	375659	188186	189431	
639	246313	375482	188067	190138	
640	247080	375365	187592	189963	
641	246849	375728	187890	189533	
642	246377	376267	187475	189881	
643	246836	375571	188253	189340	
644	246325	375558	188014	190103	
645	246988	375504	187557	189951	
646	246813	375661	188001	189525	
647	246466	376145	187503	189886	
648	246778	375625	188158	189439	
649	246408	375592	187987	190013	
650	246940	375535	187638	189887	
651	246856	375687	187954	189503	
652	246430	376133	187581	189856	
653	246827	375633	188106	189434	
654	246447	375592	188027	189934	
655	246952	375603	187606	189839	
656	246836	375737	187986	189441	
657	246388	376125	187617	189870	
658	246733	375566	188120	189581	
659	246557	375461	188005	189977	
660	247003	375622	187561	189814	
661	246826	375900	187900	189374	
662	246343	376172	187722	189763	
663	246667	375517	188178	189638	
664	246562	375359	187994	190085	
665	247093	375579	187523	189805	
666	246714	376013	187836	189437	
667	246384	376146	187743	189727	
668	246610	375426	188270	189694	
669	246512	375327	187876	190285	
670	247240	375460	187550	189750	
671	246650	376093	187777	189480	
672	246456	376235	187683	189626	
673	246579	375458	188410	189553	
674	246491	375398	187825	190286	
675	247225	375426	187633	189716	
676	246675	376048	187765	189512	
677	246461	376229	187661	189649	
678	246661	375476	188387	189476	
679	246375	375474	187842	190309	
680	247261	375389	187634	189716	
681	246592	375989	187840	189579	
682	246550	376204	187549	189697	
683	246577	375489	188440	189494	
684	246447	375473	187764	190316	
685	247215	375370	187725	189690	
686	246628	376012	187748	189612	
687	246534	376192	187622	189652	
688	246572	375505	188390	189533	
689	246539	375443	187802	190216	
690	247115	375447	187703	189735	
691	246581	375997	187740	189682	
692	246592	376049	187707	189652	
693	246562	375526	188290	189622	
694	246517	375504	187759	190220	
695	247151	375429	187767	189653	
696	246568	376015	187737	189680	
697	246630	376069	187692	189609	
698	246451	375555	188323	189671	
699	246613	375435	187746	190206	
700	247103	375419	187809	189669	
701	246603	376066	187626	189705	
702	246644	376048	187793	189515	
703	246416	375591	188273	189720	
704	246675	375410	187775	190140	
705	247090	375436	187816	189658	
706	246599	376109	187594	189698	
707	246705	376028	187842	189425	
708	246337	375633	188267	189763	
709	246635	375378	187761	190226	
710	247221	375319	187872	189588	
711	246471	376217	187506	189806	
712	246762	376050	187813	189375	
713	246269	375583	188404	189744	
714	246718	375384	187646	190252	
715	247226	375334	187937	189503	
716	246469	376290	187447	189794	
717	246686	376047	187887	189380	
718	246311	375505	188403	189781	
719	246663	375347	187644	190346	
720	247202	375326	187861	189611	
721	246515	376214	187486	189785	
722	246738	376062	187840	189360	
723	246342	375596	188374	189688	
724	246709	375431	187688	190172	
725	247052	375404	187908	189636	
726	246550	376114	187523	189813	
727	246763	375965	187881	189391	
728	246318	375671	188233	189778	
729	246596	375436	187732	190236	
730	247091	375274	187939	189696	
731	246608	376045	187497	189850	
732	246783	376056	187777	189384	
733	246360	375742	188268	189630	
734	246511	375491	187788	190210	
735	247135	375226	187954	189685	
736	246705	376006	187537	189752	
737	246638	376205	187689	189468	
738	246357	375706	188317	189620	
739	246497	375354	187888	190261	
740	247171	375214	187818	189797	
741	246711	376030	187536	189723	
742	246657	376248	187678	189417	
743	246370	375732	188352	189546	
744	246470	375388	187896	190246	
745	247172	375205	187836	189787	
746	246619	376008	187552	189821	
747	246683	376157	187653	189507	
748	246410	375659	188355	189576	
749	246470	375442	187802	190286	
750	247280	375228	187857	189635	
751	246533	376099	187585	189783	
752	246623	376167	187643	189567	
753	246432	375507	188456	189605	
754	246518	375414	187711	190357	
755	247361	375315	187796	189528	
756	246462	376235	187618	189685	
757	246552	376177	187697	189574	
758	246458	375371	188538	189633	
759	246675	375365	187639	190321	
760	247289	375491	187732	189488	
761	246377	376330	187633	189660	
762	246614	376034	187858	189494	
763	246406	375356	188472	189766	
764	246717	375382	187562	190339	
765	247258	375485	187794	189463	
766	246350	376336	187588	189726	
767	246704	375974	187897	189425	
768	246415	375417	188439	189729	
769	246685	375475	187535	190305	
770	247230	375460	187882	189428	
771	246383	376275	187593	189749	
772	246584	375974	187867	189575	
773	246523	375333	188408	189736	
774	246707	375475	187566	190252	
775	247188	375598	187767	189447	
776	246350	376258	187708	189684	
777	246634	375896	187890	189580	
778	246583	375341	188368	189708	
779	246653	375571	187528	190248	
780	247173	375593	187813	189421	
781	246362	376187	187758	189693	
782	246680	375902	187835	189583	
783	246500	375407	188352	189741	
784	246735	375540	187550	190175	
785	247079	375603	187857	189461	
786	246340	376182	187683	189795	
787	246648	375780	187920	189652	
788	246528	375350	188262	189860	
789	246825	375541	187518	190116	
790	247014	375715	187832	189439	
791	246336	376194	187709	189761	
792	246629	375701	188006	189664	
793	246563	375319	188188	189930	
794	246863	375546	187513	190078	
795	246966	375781	187806	189447	
796	246408	376185	187740	189667	
797	246635	375738	188041	189586	
798	246490	375409	188144	189957	
799	246921	375491	187594	189994	
800	246936	375781	187815	189468	
801	246354	376221	187676	189749	
802	246614	375652	188105	189629	
803	246501	375332	188116	190051	
804	247053	375480	187536	189931	
805	246904	375919	187796	189381	
806	246294	376325	187684	189697	
807	246625	375567	188235	189573	
808	246545	375286	188090	190079	
809	246948	375542	187477	190033	
810	246908	375863	187809	189420	
811	246427	376223	187733	189617	
812	246479	375700	188130	189691	
813	246603	375270	188093	190034	
814	247022	375446	187607	189925	
815	246877	375988	187663	189472	
816	246340	376269	187783	189608	
817	246540	375586	188205	189669	
818	246573	375243	188064	190120	
819	247039	375477	187522	189962	
820	246875	375978	187721	189426	
821	246359	376283	187756	189602	
822	246522	375608	188222	189648	
823	246610	375245	188061	190084	
824	246972	375485	187547	189996	
825	246877	375944	187698	189481	
826	246441	376218	187787	189554	
827	246474	375687	188157	189682	
828	246590	375281	188061	190068	
829	247029	375424	187626	189921	
830	246795	375984	187655	189566	
831	246457	376194	187769	189580	
832	246525	375624	188215	189636	
833	246554	375352	187979	190115	
834	247136	375445	187645	189774	
835	246761	376056	187707	189476	
836	246473	376265	187738	189524	
837	246432	375604	188318	189646	
838	246566	375276	187947	190211	
839	247109	375366	187657	189868	
840	246766	376041	187619	189574	
841	246527	376236	187747	189490	
842	246326	375652	188294	189728	
843	246602	375220	187942	190236	
844	247134	375289	187710	189867	
845	246756	376094	187510	189640	
846	246537	376252	187779	189432	
847	246345	375666	188315	189674	
848	246522	375255	187937	190286	
849	247253	375231	187729	189787	
850	246665	376142	187526	189667	
851	246538	376285	187705	189472	
852	246415	375570	188437	189578	
853	246554	375328	187848	190270	
854	247193	375343	187722	189742	
855	246640	376114	187606	189640	
856	246574	376200	187737	189489	
857	246336	375578	188377	189709	
858	246646	375267	187823	190264	
859	247217	375339	187755	189689	
860	246583	376232	187512	189673	
861	246632	376175	187827	189366	
862	246350	375584	188405	189661	
863	246593	375350	187770	190287	
864	247297	375316	187814	189573	
865	246491	376264	187536	189709	
866	246576	376158	187780	189486	
867	246444	375433	188484	189639	
868	246602	375387	187674	190337	
869	247184	375415	187759	189642	
870	246621	376159	187628	189592	
871	246564	376180	187787	189469	
872	246411	375552	188372	189665	
873	246600	375335	187808	190257	
874	247118	375377	187744	189761	
875	246632	376089	187591	189688	
876	246564	376121	187786	189529	
877	246419	375564	188303	189714	
878	246683	375340	187818	190159	
879	247083	375461	187746	189710	
880	246572	376141	187594	189693	
881	246668	376027	187867	189438	
882	246307	375605	188274	189814	
883	246818	375347	187753	190082	
884	247030	375500	187852	189618	
885	246510	376215	187495	189780	
886	246715	375905	188005	189375	
887	246243	375592	188210	189955	
888	246853	375322	187695	190130	
889	247105	375459	187897	189539	
890	246347	376331	187425	189897	
891	246837	375835	188034	189294	
892	246189	375554	188297	189960	
893	246864	375384	187538	190214	
894	247126	375423	188016	189435	
895	246335	376366	187368	189931	
896	246792	375833	188055	189320	
897	246278	375500	188311	189911	
898	246862	375441	187522	190175	
899	247117	375512	187978	189393	
900	246363	376347	187463	189827	
901	246766	375845	188049	189340	
902	246291	375502	188298	189909	
903	246804	375430	187547	190219	
904	247099	375468	187955	189478	
905	246482	376278	187475	189765	
906	246654	375954	187993	189399	
907	246294	375513	188285	189908	
908	246860	375322	187669	190149	
909	247023	375523	187844	189610	
910	246569	376251	187478	189702	
911	246549	375953	188045	189453	
912	246339	375476	188206	189979	
913	246873	375257	187747	190123	
914	246980	375580	187729	189711	
915	246620	376222	187528	189630	
916	246583	375968	188052	189397	
917	246323	375568	188170	189939	
918	246856	375276	187798	190070	
919	246996	375548	187770	189686	
920	246598	376224	187506	189672	
921	246608	375966	188042	189384	
922	246278	375577	188182	189963	
923	246846	375258	187784	190112	
924	246987	375495	187793	189725	
925	246656	376206	187465	189673	
926	246610	376023	188030	189337	
927	246290	375647	188176	189887	
928	246800	375269	187847	190084	
929	246978	375457	187800	189765	
930	246728	376147	187469	189656	
931	246534	376074	187988	189404	
932	246303	375639	188159	189899	
933	246816	375207	187915	190062	
934	246948	375486	187724	189842	
935	246723	376138	187483	189656	
936	246598	376043	188003	189356	
937	246323	375690	188135	189852	
938	246754	375292	187908	190046	
939	247004	375442	187782	189772	
940	246646	376123	187510	189721	
941	246643	376014	187932	189411	
942	246359	375649	188191	189801	
943	246740	375373	187823	190064	
944	246995	375475	187826	189704	
945	246649	376106	187547	189698	
946	246558	376011	187928	189503	
947	246464	375573	188178	189785	
948	246697	375391	187833	190079	
949	246921	375532	187740	189807	
950	246682	375986	187651	189681	
951	246652	375973	187881	189494	
952	246410	375707	188105	189778	
953	246721	375443	187868	189968	
954	246929	375509	187839	189723	
955	246623	376015	187604	189758	
956	246650	375920	187905	189525	
957	246422	375645	188110	189823	
958	246735	375441	187810	190014	
959	246883	375530	187835	189752	
960	246629	375997	187606	189768	
961	246687	375888	187924	189501	
962	246447	375689	188073	189791	
963	246632	375512	187815	190041	
964	246942	375456	187874	189728	
965	246582	375950	187638	189830	
966	246694	375902	187818	189586	
967	246492	375647	188132	189729	
968	246650	375556	187770	190024	
969	246955	375513	187877	189655	
970	246574	375981	187679	189766	
971	246741	375911	187834	189514	
972	246464	375690	188147	189699	
973	246715	375572	187764	189949	
974	246914	375540	187926	189620	
975	246539	375992	187646	189823	
976	246731	375824	187894	189551	
977	246462	375643	188098	189797	
978	246707	375563	187726	190004	
979	246879	375537	187917	189667	
980	246560	375954	187646	189840	
981	246748	375814	187891	189547	
982	246526	375686	188063	189725	
983	246635	375648	187751	189966	
984	246891	375533	187935	189641	
985	246554	375896	187713	189837	
986	246721	375813	187820	189646	
987	246597	375639	188076	189688	
988	246598	375685	187737	189980	
989	246883	375564	187902	189651	
990	246530	375853	187783	189834	
991	246719	375787	187781	189713	
992	246568	375624	188072	189736	
993	246713	375666	187715	189906	
994	246756	375661	187909	189674	
995	246559	375848	187757	189836	
996	246772	375692	187904	189632	
997	246558	375706	187944	189792	
998	246699	375708	187748	189845	
999	246713	375633	187958	189696	
1000	246662	375788	187750	189800	
1001	246732	375753	187883	189632	
1002	246594	375768	187905	189733	
1003	246728	375705	187848	189719	
1004	246557	375702	187920	189821	
1005	246787	375663	187785	189765	
1006	246720	375722	187917	189641	
1007	246582	375887	187746	189785	
1008	246685	375680	187976	189659	
1009	246621	375639	187911	189829	
1010	246653	375683	187769	189895	
1011	246873	375651	187870	189606	
1012	246433	375898	187813	189856	
1013	246732	375679	187838	189751	
1014	246676	375540	188060	189724	
1015	246618	375787	187619	189976	
1016	246892	375668	187921	189519	
1017	246478	375874	187866	189782	
1018	246728	375740	187802	189730	
1019	246630	375585	188072	189713	
1020	246574	375736	187668	190022	
1021	246983	375580	187917	189520	
1022	246393	375928	187819	189860	
1023	246807	375752	187761	189680	
1024	246565	375581	188167	189687	
1025	246629	375749	187585	190037	
1026	246853	375568	187996	189583	
1027	246516	375859	187753	189872	
1028	246761	375745	187815	189679	
1029	246577	375647	188044	189732	
1030	246636	375710	187701	189953	
1031	246874	375589	187946	189591	
1032	246539	375889	187764	189808	
1033	246706	375790	187825	189679	
1034	246647	375622	188064	189667	
1035	246624	375725	187726	189925	
1036	246862	375645	187896	189597	
1037	246504	375869	187829	189798	
1038	246644	375751	187816	189789	
1039	246753	375531	188053	189663	
1040	246497	375773	187698	190032	
1041	247003	375622	187833	189542	
1042	246435	375875	187940	189750	
1043	246689	375813	187682	189816	
1044	246690	375498	188193	189619	
1045	246533	375758	187620	190089	
1046	247034	375602	187878	189486	
1047	246408	375943	187880	189769	
1048	246691	375812	187722	189775	
1049	246735	375466	188221	189578	