%Iteration	Healthy	Infected_1	Infected_2	Dead	
%pHIV=	[5, 1000]	; pINF=	[974, 100000000]	

0	995239	4761	0	0	
1	914760	80479	4761	0	
2	654376	260384	85240	0	
3	324609	329767	345624	0	
4	126182	198427	670630	4761	
5	73485	57412	788578	80525	
6	144199	8987	585606	261208	
7	401831	983	264826	332360	
8	730608	238	67382	201772	
9	929845	577	10208	59370	
10	987382	1214	1798	9606	
11	994708	2193	2029	1070	
12	992342	3426	3984	248	
13	987680	4906	6833	581	
14	981624	6633	10525	1218	
15	974271	8563	14965	2201	
16	965807	10639	20102	3452	
17	956344	12887	25835	4934	
18	946073	15153	32089	6685	
19	935453	17222	38679	8646	
20	924369	19629	45262	10740	
21	912910	22072	52004	13014	
22	901075	24714	58923	15288	
23	889123	27111	66415	17351	
24	877556	28730	73897	19817	
25	866485	30701	80555	22259	
26	855591	32923	86542	24944	
27	845389	34899	92354	27358	
28	837056	35446	98523	28975	
29	829271	36476	103268	30985	
30	822612	37367	106821	33200	
31	817437	38017	109289	35257	
32	816854	35492	111860	35794	
33	817612	34669	110876	36843	
34	820832	33229	108178	37761	
35	825809	32417	103390	38384	
36	831942	31887	100315	35856	
37	839068	28373	97533	35026	
38	846076	27644	92677	33603	
39	855613	23762	87904	32721	
40	864922	23079	79779	32220	
41	874211	22592	74485	28712	
42	882552	20077	69433	27938	
43	890511	19692	65748	24049	
44	894870	19464	62361	23305	
45	898704	19226	59233	22837	
46	902101	19221	58382	20296	
47	902680	19490	57911	19919	
48	902521	19888	57937	19654	
49	901640	20346	58599	19415	
50	899928	20937	59724	19411	
51	897488	21642	61171	19699	
52	895673	21314	62925	20088	
53	893575	21991	63893	20541	
54	891488	22421	64947	21144	
55	889191	23212	65726	21871	
56	886735	24125	67624	21516	
57	883175	24866	69758	22201	
58	879665	25463	72203	22669	
59	875772	26321	74454	23453	
60	871786	27228	76650	24336	
61	867623	28258	79012	25107	
62	863091	29389	81807	25713	
63	859281	29276	84875	26568	
64	854806	30770	86923	27501	
65	849670	32351	89435	28544	
66	843783	34177	92397	29643	
67	836762	36370	97298	29570	
68	827238	38765	102898	31099	
69	817928	40083	109312	32677	
70	812636	37664	115218	34482	
71	807966	38816	116512	36706	
72	805164	39159	116563	39114	
73	803476	40404	115639	40481	
74	804752	38786	118379	38083	
75	802365	40080	118349	39206	
76	799619	41560	119270	39551	
77	795776	42982	120426	40816	
78	791903	44314	124622	39161	
79	785634	45087	128856	40423	
80	780313	45335	132383	41969	
81	777346	44552	134736	43366	
82	775272	45002	134974	44752	
83	775015	44587	134889	45509	
84	774891	45183	134141	45785	
85	773691	46523	134772	45014	
86	770242	48034	136293	45431	
87	770087	45173	139740	45000	
88	768524	46116	139730	45630	
89	766800	46876	139323	47001	
90	764763	48554	138165	48518	
91	763188	49577	141546	45689	
92	758637	49782	145007	46574	
93	756599	48169	147913	47319	
94	756106	47308	147528	49058	
95	759444	45198	145259	50099	
96	765554	43484	140675	50287	
97	774447	40891	135990	48672	
98	781776	40843	129573	47808	
99	787500	41596	125218	45686	
100	790691	42058	123330	43921	
101	791355	42826	124497	41322	
102	790654	41640	126480	41226	
103	790042	41438	126524	41996	
104	789051	42570	125904	42475	
105	789396	41706	125648	43250	
106	789316	42895	125714	42075	
107	786954	44023	127171	41852	
108	782871	45522	128624	42983	
109	779234	46200	132440	42126	
110	774445	46535	135745	43275	
111	771001	46324	138257	44418	
112	769270	45676	139059	45995	
113	772259	42549	138535	46657	
114	776846	41614	134549	46991	
115	783118	40281	129839	46762	
116	790021	39372	124444	46163	
117	796769	38960	121267	43004	
118	802766	36604	118613	42017	
119	808404	35949	114936	40711	
120	814196	34498	111513	39793	
121	819344	34247	107051	39358	
122	825455	32851	104694	37000	
123	829508	32571	101596	36325	
124	832787	32675	99669	34869	
125	834429	32903	98097	34571	
126	836268	32420	98149	33163	
127	836281	32791	97998	32930	
128	838685	30208	98114	32993	
129	843837	27519	95419	33225	
130	850669	26076	90518	32737	
131	857004	26056	83803	33137	
132	865804	24016	79651	30529	
133	872125	23914	76148	27813	
134	875822	23858	73986	26334	
135	878272	23638	71788	26302	
136	880142	24166	71410	24282	
137	879415	24748	71662	24175	
138	877985	25359	72552	24104	
139	875848	25990	74273	23889	
140	872784	26715	76097	24404	
141	869408	27517	78064	25011	
142	866439	27716	80222	25623	
143	863371	28457	81948	26224	
144	860962	28405	83690	26943	
145	858556	29106	84578	27760	
146	856139	29897	85968	27996	
147	852997	30850	87408	28745	
148	852215	29222	89853	28710	
149	850385	30259	89969	29387	
150	851916	27532	90331	30221	
151	853638	28225	87013	31124	
152	855485	28955	86016	29544	
153	856267	28464	84712	30557	
154	858869	27657	85644	27830	
155	858375	28038	85076	28511	
156	858108	28485	84159	29248	
157	858047	29014	84180	28759	
158	856920	29618	85537	27925	
159	854592	29980	87117	28311	
160	852980	29661	88612	28747	
161	851232	30199	89259	29310	
162	849389	30897	89840	29874	
163	847511	31480	90757	30252	
164	845345	32109	92576	29970	
165	843760	31281	94486	30473	
166	843439	30515	94870	31176	
167	843977	30314	93905	31804	
168	848251	27246	92110	32393	
169	854008	26336	88075	31581	
170	858740	26508	83896	30856	
171	863437	25837	80090	30636	
172	868683	25073	78681	27563	
173	870954	25040	77418	26588	
174	871767	25500	75950	26783	
175	872176	26094	75613	26117	
176	872198	25859	76634	25309	
177	870923	26333	77453	25291	
178	869121	26836	78286	25757	
179	867419	27187	79028	26366	
180	867333	26205	80356	26106	
181	866527	26648	80228	26597	
182	865754	27136	80040	27070	
183	864874	27652	79989	27485	
184	863824	28272	81436	26468	
185	861064	28947	83060	26929	
186	858184	29535	84871	27410	
187	856020	29305	86754	27921	
188	853530	30157	87787	28526	
189	850683	31086	88997	29234	
190	847552	32089	90548	29811	
191	843849	33226	93332	29593	
192	838659	34484	96401	30456	
193	833000	35802	99799	31399	
194	828507	35585	103512	32396	
195	823998	36551	105871	33580	
196	820034	37210	107938	34818	
197	815829	38627	109346	36198	
198	812003	39667	112388	35942	
199	806413	41145	115504	36938	
200	800980	42023	119439	37558	
201	795029	43118	122835	39018	
202	789461	44232	126286	40021	
203	783722	45341	129373	41564	
204	781685	43172	132691	42452	
205	779581	44128	132745	43546	
206	778184	44510	132641	44665	
207	777196	45246	131810	45748	
208	778326	44168	133884	43622	
209	778135	43376	133924	44565	
210	784834	37454	132790	44922	
211	791967	37307	124998	45728	
212	801508	35709	118137	44646	
213	810888	34803	110470	43839	
214	819532	34763	107819	37886	
215	821947	35103	105275	37675	
216	823994	35274	104669	36063	
217	823999	35667	105140	35194	
218	825469	33388	106044	35099	
219	829061	31140	104329	35470	
220	832800	31358	100195	35647	
221	836430	31673	95886	36011	
222	840053	32045	94171	33731	
223	842484	30994	95076	31446	
224	842259	31358	94712	31671	
225	841580	32047	94397	31976	
226	840407	32778	94399	32416	
227	838663	33854	96183	31300	
228	836743	32893	98679	31685	
229	834390	33726	99525	32359	
230	832045	34364	100473	33118	
231	829323	35513	100983	34181	
232	826292	36850	103603	33255	
233	820807	38405	106727	34061	
234	814570	39941	110768	34721	
235	808815	40112	115196	35877	
236	806069	38259	118458	37214	
237	804490	38418	118312	38780	
238	804715	38178	116789	40318	
239	806375	38261	114855	40509	
240	808326	38185	114857	38632	
241	808254	38311	114624	38811	
242	809212	37492	114757	38539	
243	810399	36932	113988	38681	
244	811574	37102	112735	38589	
245	813922	35846	111526	38706	
246	816136	36090	109880	37894	
247	818263	35392	109038	37307	
248	821537	33664	107328	37471	
249	825355	33269	105146	36230	
250	828133	33086	102325	36456	
251	831439	32797	100019	35745	
252	833706	33128	99152	34014	
253	834470	32869	99011	33650	
254	834678	33076	98794	33452	
255	834020	33775	99073	33132	
256	832377	34443	99720	33460	
257	830722	34787	101294	33197	
258	827824	35779	103005	33392	
259	824544	36347	105009	34100	
260	820898	37421	106913	34768	
261	816333	39002	109547	35118	
262	811470	39653	112770	36107	
263	807405	39812	116076	36707	
264	802574	41157	118467	37802	
265	797223	42781	120622	39374	
266	793414	42809	123750	40027	
267	788807	44221	126747	40225	
268	783052	45549	129811	41588	
269	777469	46760	132579	43192	
270	772923	47275	136530	43272	
271	766985	48781	139584	44650	
272	762218	48970	142816	45996	
273	757276	50492	145026	47206	
274	754191	49812	148243	47754	
275	752051	49415	149274	49260	
276	751599	49247	149719	49435	
277	754669	45879	148474	50978	
278	760144	44978	144541	50337	
279	765131	44826	140104	49939	
280	770978	43642	135683	49697	
281	777036	43128	133446	46390	
282	779969	42981	131596	45454	
283	783309	41625	129751	45315	
284	789533	38649	127734	44084	
285	795344	37815	123255	43586	
286	800872	37622	118089	43417	
287	806406	37446	114086	42062	
288	811356	36669	112883	39092	
289	813094	36957	111737	38212	
290	814310	36619	111072	37999	
291	814441	37441	110245	37873	
292	813686	38252	111017	37045	
293	814384	35959	112312	37345	
294	815020	36333	111652	36995	
295	814751	36892	110544	37813	
296	814406	37779	109184	38631	
297	815471	37193	111004	36332	
298	813873	37575	111864	36688	
299	811850	38331	112547	37272	
300	808972	39825	113099	38104	
301	805694	41021	115731	37554	
302	800677	42195	119177	37951	
303	795342	42900	123041	38717	
304	790550	43138	126116	40196	
305	786655	43646	128233	41466	
306	782871	44820	129684	42625	
307	779016	46033	131604	43347	
308	775502	46396	134499	43603	
309	771332	47363	137249	44056	
310	766372	48585	139792	45251	
311	762714	48439	142344	46503	
312	761702	47011	144387	46900	
313	761397	46737	144035	47831	
314	761743	47012	142187	49058	
315	763196	47103	140760	48941	
316	764301	47353	140852	47494	
317	763480	47836	141468	47216	
318	762836	47360	142292	47512	
319	762678	47220	142549	47553	
320	762800	46964	142416	47820	
321	763510	46624	141544	48322	
322	766329	45034	140808	47829	
323	770137	43529	138622	47712	
324	774314	43029	135187	47470	
325	778340	42997	131592	47071	
326	781924	42982	129555	45539	
327	788402	38629	129008	43961	
328	793509	38408	124608	43475	
329	798536	38010	120019	43435	
330	803550	37984	115047	43419	
331	812211	34366	114402	39021	
332	816298	34555	110360	38787	
333	821226	33510	106905	38359	
334	825174	34001	102431	38394	
335	829760	33416	102066	34758	
336	829952	34239	100927	34882	
337	829576	34917	101656	33851	
338	827028	36046	102572	34354	
339	824717	36331	105202	33750	
340	824135	33990	107294	34581	
341	823097	35246	106367	35290	
342	821533	36515	105567	36385	
343	819349	38193	105751	36707	
344	818658	37015	109954	34373	
345	813916	38779	111723	35582	
346	808397	40733	113987	36883	
347	801991	42872	116527	38610	
348	795626	44616	122384	37374	
349	785969	46674	128221	39136	
350	779751	44961	134162	41126	
351	773568	46892	136251	43289	
352	767426	49050	138527	44997	
353	761224	50725	140903	47148	
354	755124	52800	146667	45409	
355	744942	55126	152575	47357	
356	739566	52310	158651	49473	
357	739118	49426	160236	51220	
358	743806	46003	156862	53329	
359	749549	47078	147739	55634	
360	757126	47498	142507	52869	
361	762217	47229	140579	49975	
362	764417	47289	141805	46489	
363	765859	44590	142016	47535	
364	771815	41081	139108	47996	
365	778478	40857	132960	47705	
366	785233	40447	126528	47792	
367	795061	37477	122385	45077	
368	803388	36274	118781	41557	
369	811981	32560	114198	41261	
370	821495	31324	106311	40870	
371	831799	30188	100158	37855	
372	840543	28713	94072	36672	
373	849287	27545	90225	32943	
374	856284	25614	86446	31656	
375	863336	24305	81872	30487	
376	870115	23433	77464	28988	
377	876881	21916	73352	27851	
378	883537	20917	69654	25892	
379	888448	20708	66266	24578	
380	892350	20414	63541	23695	
381	899137	16683	62039	22141	
382	904454	16609	57805	21132	
383	908581	16796	53706	20917	
384	914219	15075	50088	20618	
385	919203	15429	48480	16888	
386	922696	13234	47300	16770	
387	925500	13789	43738	16973	
388	927755	14555	42452	15238	
389	927380	15460	41578	15582	
390	926265	16538	43804	13393	
391	921791	17749	46553	13907	
392	917342	18232	49747	14679	
393	912550	19311	52519	15620	
394	907146	20859	55292	16703	
395	901096	22595	58402	17907	
396	894319	24524	62765	18392	
397	885859	26653	67978	19510	
398	877765	27422	73772	21041	
399	869675	28909	78599	22817	
400	861248	31025	82984	24743	
401	853069	32692	87356	26883	
402	844809	34878	92626	27687	
403	835325	36928	98595	29152	
404	826823	37356	104498	31323	
405	820092	37740	109162	33006	
406	814353	38419	112024	35204	
407	809634	39576	113515	37275	
408	807039	39505	115735	37721	
409	804103	40266	117500	38131	
410	803250	38598	119347	38805	
411	804417	37244	118369	39970	
412	806455	37539	116108	39898	
413	808776	37183	113381	40660	
414	811648	37376	111966	39010	
415	812612	37665	112098	37625	
416	811796	38050	112224	37930	
417	814123	35210	113091	37576	
418	816007	35322	110925	37746	
419	818767	34628	108582	38023	
420	821309	35129	105160	38402	
421	824925	34415	105079	35581	
422	825153	34998	104172	35677	
423	827943	32507	104542	35008	
424	828669	33997	101920	35414	
425	828109	35619	101502	34770	
426	827051	35494	102123	35332	
427	824808	37242	105110	32840	
428	818997	38315	108355	34333	
429	813762	39225	111051	35962	
430	809031	40362	114782	35825	
431	802035	42450	117902	37613	
432	796339	42919	122037	38705	
433	791696	42945	125731	39628	
434	789005	41893	128314	40788	
435	787405	41985	127757	42853	
436	789023	40793	126823	43361	
437	792291	39662	124671	43376	
438	796462	38775	122440	42323	
439	802673	35679	119230	42418	
440	808308	36336	114116	41240	
441	811717	37390	110790	40103	
442	813065	38375	109405	39155	
443	812057	39775	112101	36067	
444	806451	41303	115540	36706	
445	803773	38989	119453	37785	
446	801057	40126	120067	38750	
447	798009	41430	120418	40143	
448	795142	42635	120545	41678	
449	792822	43547	124191	39440	
450	786940	44911	127612	40537	
451	781378	45679	131093	41850	
452	776211	46582	134137	43070	
453	771018	47841	137172	43969	
454	765294	49241	140102	45363	
455	763876	46342	143664	46118	
456	762353	47194	143424	47029	
457	761616	47280	142777	48327	
458	761578	47896	140816	49710	
459	761896	48873	142370	46861	
460	758351	49972	144049	47628	
461	754536	50971	146741	47752	
462	749988	51820	149816	48376	
463	745509	52385	152763	49343	
464	745403	48938	155176	50483	
465	751475	43926	153143	51456	
466	760637	41784	145249	52330	
467	771065	41387	134648	52900	
468	782461	40980	127097	49462	
469	791601	39843	124151	44405	
470	796700	38869	122210	42221	
471	799905	38638	119692	41765	
472	802259	39002	117350	41389	
473	803648	39591	116509	40252	
474	803001	40475	117231	39293	
475	800502	41389	119068	39041	
476	797133	42008	121455	39404	
477	794438	41712	123872	39978	
478	791630	42367	125109	40894	
479	789535	42591	126087	41787	
480	787328	43566	126670	42436	
481	785480	43838	128524	42158	
482	785605	41613	129995	42787	
483	785448	42472	129017	43063	
484	784006	44065	127923	44006	
485	781775	45782	128150	44293	
486	777977	47637	132319	42067	
487	770535	49098	137484	42883	
488	767950	45073	142517	44460	
489	767126	44829	141808	46237	
490	766757	46159	139000	48084	
491	766686	47646	136061	49607	
492	768304	47509	138634	45553	
493	765204	48216	141314	45266	
494	763760	46269	143371	46600	
495	764379	45513	141994	48114	
496	768776	43233	139998	47993	
497	773574	42727	135015	48684	
498	782212	39607	131473	46708	
499	790727	37721	125567	45985	
500	800261	36002	120055	43682	
501	809036	34485	113330	43149	
502	817931	33844	108208	40017	
503	825680	31841	104331	38148	
504	831368	32104	100170	36358	
505	834610	32743	97789	34858	
506	835378	33742	96688	34192	
507	834686	34549	98589	32176	
508	830600	35895	101034	32471	
509	825104	37633	104186	33077	
510	818737	39113	108077	34073	
511	811861	40601	112641	34897	
512	805134	41269	117347	36250	
513	797884	43124	120983	38009	
514	790241	45247	124994	39518	
515	781712	47624	129640	41024	
516	772308	50019	135995	41678	
517	764457	49113	142890	43540	
518	756608	50969	146756	45667	
519	749437	52351	150101	48111	
520	745304	51784	152433	50479	
521	741875	53390	155104	49631	
522	738500	52526	157525	51449	
523	736393	53075	157700	52832	
524	736694	51969	158991	52346	
525	736420	52122	157570	53888	
526	740006	49820	157166	53008	
527	747534	44944	153911	53611	
528	756678	43922	146886	52514	
529	767589	41074	138686	52651	
530	779632	40075	129940	50353	
531	789488	39967	125071	45474	
532	793614	40878	121116	44392	
533	795478	42047	120920	41555	
534	794489	42122	122892	40497	
535	796206	38387	125047	40360	
536	797204	38948	122556	41292	
537	799129	38973	119457	42441	
538	801444	39710	116308	42538	
539	803922	39644	117631	38803	
540	802763	39570	118327	39340	
541	800437	41269	118924	39370	
542	796765	42657	120483	40095	
543	791944	44474	123496	40086	
544	786377	45266	128400	39957	
545	778981	46955	132397	41667	
546	771333	48848	136695	43124	
547	764215	49812	141069	44904	
548	761088	47579	145615	45718	
549	758584	47734	146239	47443	
550	757688	47839	145125	49348	
551	760055	46475	143152	50318	
552	764134	45776	142048	48042	
553	767894	43821	140090	48195	
554	772571	43061	136072	48296	
555	777015	43379	132658	46948	
556	780307	43158	130261	46274	
557	785063	41053	129598	44286	
558	786975	41932	127590	43503	
559	787119	42972	126143	43766	
560	786272	44190	125957	43581	
561	784468	44964	129094	41474	
562	781543	43955	132126	42376	
563	778696	44752	133109	43443	
564	776054	45669	133671	44606	
565	774943	45246	134376	45435	
566	774578	45376	135667	44379	
567	773744	44753	136291	45212	
568	774407	44105	135375	46113	
569	778982	41082	134234	45702	
570	784730	39503	129940	45827	
571	790915	39146	124690	45249	
572	799398	36308	119731	44563	
573	807818	35685	114957	41540	
574	813799	35123	111139	39939	
575	819508	33847	107116	39529	
576	825108	33523	104655	36714	
577	827838	33628	102493	36041	
578	831560	31948	100998	35494	
579	834330	32350	99099	34221	
580	835292	32915	97926	33867	
581	835243	33604	97213	33940	
582	834593	34255	98869	32283	
583	831561	34990	100774	32675	
584	829650	34270	102849	33231	
585	827719	34829	103515	33937	
586	828434	32855	104089	34622	
587	830221	32487	101954	35338	
588	832273	32920	100171	34636	
589	834305	32274	98262	35159	
590	837911	31174	97681	33234	
591	839437	31392	96368	32803	
592	840936	30962	94840	33262	
593	842039	31830	93528	32603	
594	841499	32806	94184	31511	
595	839334	33328	95598	31740	
596	837173	33571	97964	31292	
597	835191	32965	99705	32139	
598	834435	32572	99864	33129	
599	834350	32908	99108	33634	
600	834636	33004	98445	33915	
601	835391	32851	98484	33274	
602	835515	32809	98763	32913	
603	835188	32899	98664	33249	
604	835912	32178	98559	33351	
605	836925	32012	97886	33177	
606	838778	31010	97089	33123	
607	840920	30639	95200	33241	
608	843501	30332	93661	32506	
609	845588	30088	91981	32343	
610	847712	29861	91059	31368	
611	849034	29707	90281	30978	
612	850128	29567	89656	30649	
613	850975	29544	89135	30346	
614	851387	29634	88818	30161	
615	852472	28780	88745	30003	
616	853245	28946	87958	29851	
617	853526	29247	87360	29867	
618	854438	28689	86973	29900	
619	855148	28880	86882	29090	
620	859782	24176	86816	29226	
621	863819	24875	81745	29561	
622	867826	25259	77931	28984	
623	871205	25305	74310	29180	
624	874217	25870	75439	24474	
625	872937	25495	76434	25134	
626	871512	26269	76670	25549	
627	869644	27149	77634	25573	
628	868693	26269	78913	26125	
629	867466	27093	79687	25754	
630	865937	27014	80511	26538	
631	864672	27547	80376	27405	
632	863636	28179	81654	26531	
633	862187	27690	82740	27383	
634	862220	27088	83416	27276	
635	861851	27371	82957	27821	
636	861689	27715	82149	28447	
637	863656	26181	82174	27989	
638	865149	26214	81267	27370	
639	865905	26320	80110	27665	
640	866753	26529	78715	28003	
641	867695	26792	79063	26450	
642	866768	27142	79641	26449	
643	869998	22937	80463	26602	
644	872801	23549	76871	26779	
645	875238	24075	73628	27059	
646	877102	24909	70561	27428	
647	878389	25879	72533	23199	
648	874559	26759	74863	23819	
649	871151	26998	77547	24304	
650	869052	26142	79636	25170	
651	866986	26959	79899	26156	
652	865951	26930	80099	27020	
653	864819	27884	80031	27266	
654	862889	28937	81773	26401	
655	858937	30083	83751	27229	
656	854715	31174	86904	27207	
657	849192	32453	90194	28161	
658	844800	32274	93710	29216	
659	840206	33556	95901	30337	
660	835797	34455	98283	31465	
661	831009	35937	100285	32769	
662	825902	37567	103948	32583	
663	818906	39256	107959	33879	
664	811517	40932	112760	34791	
665	803474	42498	117755	36273	
666	795221	44197	122686	37896	
667	787012	45733	127627	39628	
668	778896	47336	132428	41340	
669	770835	48988	137266	42911	
670	762688	50617	142057	44638	
671	757550	49330	146941	46179	
672	752948	50319	148935	47798	
673	748869	51451	150266	49414	
674	745165	52639	151100	51096	
675	742090	53680	154409	49821	
676	737013	54436	157770	50781	
677	731652	55623	160755	51970	
678	730042	53071	163739	53148	
679	731341	51303	163130	54226	
680	735771	49243	159997	54989	
681	739735	50473	153617	56175	
682	745804	49573	151019	53604	
683	748352	50520	149289	51839	
684	749277	50421	150566	49736	
685	747919	50617	150514	50950	
686	747174	51172	151558	50096	
687	744739	52019	152210	51032	
688	742323	52968	153808	50901	
689	741943	50769	156159	51129	
690	742233	50328	155756	51683	
691	743099	50305	154065	52531	
692	744339	50727	151402	53532	
693	747592	49727	151360	51321	
694	749649	48758	150759	50834	
695	752234	47712	149212	50842	
696	754571	48030	146197	51202	
697	756779	48481	144500	50240	
698	758543	48024	144223	49210	
699	758892	48379	144535	48194	
700	758285	48332	144884	48499	
701	757750	48542	144735	48973	
702	757641	48619	145253	48487	
703	756159	49469	145493	48879	
704	755702	48823	146630	48845	
705	754564	49502	146911	49023	
706	752762	50312	147794	49132	
707	750312	51103	148637	49948	
708	747697	52095	150917	49291	
709	744939	51551	153510	50000	
710	742028	52406	154749	50817	
711	739119	53189	156052	51640	
712	736298	53897	157146	52659	
713	733852	54588	159492	52068	
714	736705	48726	161674	52895	
715	741224	47829	157211	53736	
716	748375	46059	151143	54423	
717	756074	46178	142614	55134	
718	765368	45324	140066	49242	
719	768518	45588	137561	48333	
720	774989	41362	137090	46559	
721	779513	41580	132274	46633	
722	783779	41909	128530	45782	
723	786860	42208	124851	46081	
724	789619	42843	125697	41841	
725	787464	43577	126960	41999	
726	785680	43368	128628	42324	
727	785962	41631	129788	42619	
728	786272	41863	128576	43289	
729	787349	41777	126862	44012	
730	788716	42187	125271	43826	
731	789365	42719	125827	42089	
732	787874	43150	126683	42293	
733	788319	41432	128056	42193	
734	788436	41667	127301	42596	
735	788514	42105	126249	43132	
736	789081	42151	125204	43564	
737	789326	42846	125923	41905	
738	788123	42702	127102	42073	
739	787783	41993	127699	42525	
740	787597	42275	127541	42587	
741	789899	39895	126970	43236	
742	792167	40549	124163	43121	
743	793667	41188	122719	42426	
744	794521	41175	121632	42672	
745	794151	42634	122912	40303	
746	790012	44040	124997	40951	
747	791236	39349	127849	41566	
748	791707	40696	126023	41574	
749	790967	41899	124085	43049	
750	790874	42739	121944	44443	
751	790404	44480	125334	39782	
752	783671	46128	129118	41083	
753	778354	45957	133347	42342	
754	773722	46562	136565	43151	
755	772033	44423	138647	44897	
756	773627	42856	136942	46575	
757	775628	44113	133841	46418	
758	776355	45228	131392	47025	
759	776270	46653	132197	44880	
760	772707	47996	135994	43303	
761	766332	49252	139877	44539	
762	760209	50190	143901	45700	
763	754180	51293	147438	47089	
764	750943	49898	150735	48424	
765	747987	50909	151381	49723	
766	745652	51577	152100	50671	
767	745589	50211	152384	51816	
768	746688	50175	152697	50440	
769	746613	50003	151963	51421	
770	750049	47443	150389	52119	
771	754477	47156	147621	50746	
772	758678	46044	144602	50676	
773	764029	44842	140643	50486	
774	769109	44942	138042	47907	
775	772221	44273	135828	47678	
776	776430	42992	134057	46521	
777	781073	41416	132207	45304	
778	784225	41692	128681	45402	
779	788309	40861	126100	44730	
780	791209	41372	123969	43450	
781	792380	41846	123925	41849	
782	792014	41810	124079	42097	
783	790950	42733	125028	41289	
784	788135	43701	126389	41775	
785	785120	44354	128244	42282	
786	781298	45665	130788	42249	
787	775929	47167	133720	43184	
788	769733	48943	137186	44138	
789	763171	50247	141775	44807	
790	755676	51882	146357	46085	
791	748713	52566	151072	47649	
792	742076	53812	154695	49417	
793	735581	55382	158260	50777	
794	733107	52753	161760	52380	
795	733872	51074	161947	53107	
796	735315	51172	159209	54304	
797	739330	49761	154999	55910	
798	745136	49557	152007	53300	
799	749728	48165	150490	51617	
800	754762	46096	147483	51659	
801	758904	47004	143818	50274	
802	760569	48085	141265	50081	
803	761822	48377	141185	48616	
804	761419	48515	143466	46600	
805	759692	47858	144977	47473	
806	760416	46299	144750	48535	
807	763274	45171	142672	48883	
808	770403	41230	139328	49039	
809	778515	40440	132700	48345	
810	785681	40689	126841	46789	
811	793711	38276	122359	45654	
812	801568	37359	119405	41668	
813	805183	37661	116324	40832	
814	808836	36772	113296	41096	
815	814214	35312	111792	38682	
816	817593	34887	109745	37775	
817	820256	34758	106971	38015	
818	823159	34759	104957	37125	
819	824948	34950	104404	35698	
820	825004	35306	104467	35223	
821	824106	35768	105015	35111	
822	823237	35632	106024	35107	
823	822097	35901	106706	35296	
824	820561	36471	107301	35667	
825	818568	37296	108004	36132	
826	817851	36489	109668	35992	
827	816279	37195	110256	36270	
828	814112	38061	110980	36847	
829	812082	38507	111745	37666	
830	809831	39514	113763	36892	
831	806172	40186	116082	37560	
832	803889	39459	118207	38445	
833	801403	40561	119159	38877	
834	799200	40689	120206	39905	
835	797616	41120	120709	40555	
836	797150	40580	122370	39900	
837	797937	38702	122389	40972	
838	800264	38255	120402	41079	
839	801923	39036	117537	41504	
840	804683	38319	115993	41005	
841	808432	36852	115610	39106	
842	809790	37352	114207	38651	
843	813019	35045	112523	39413	
844	818655	33373	109249	38723	
845	823369	33613	105770	37248	
846	826573	33637	102031	37759	
847	830798	33162	100623	35417	
848	832556	33262	100412	33770	
849	832552	33456	100061	33931	
850	832435	33689	99880	33996	
851	832909	33175	100407	33509	
852	832952	33139	100320	33589	
853	833212	32992	100003	33793	
854	833422	33251	99306	34021	
855	834323	32785	99382	33510	
856	835387	32122	99028	33463	
857	836576	31936	98158	33330	
858	838174	31384	96843	33599	
859	839795	31636	95442	33127	
860	840745	31846	94956	32453	
861	840107	32766	94866	32261	
862	842268	29769	96248	31715	
863	842922	30733	94381	31964	
864	842601	31977	93268	32154	
865	841100	33345	92479	33076	
866	839626	34179	96055	30140	
867	835864	33587	99501	31048	
868	832620	33976	101111	32293	
869	830241	34330	101742	33687	
870	828880	34716	101893	34511	
871	828721	34304	103022	33953	
872	828040	34271	103350	34339	
873	828536	33506	103291	34667	
874	830265	32588	102081	35066	
875	834617	30341	100365	34677	
876	840232	28697	96435	34636	
877	846869	27638	91626	33867	
878	853738	26671	86676	32915	
879	861372	24943	83006	30679	
880	867970	23772	79252	29006	
881	873713	22940	75386	27961	
882	879188	22224	71655	26933	
883	884541	21310	68936	25213	
884	888478	21031	66474	24017	
885	891372	20896	64565	23167	
886	893301	21022	63237	22440	
887	894832	20691	62949	21528	
888	895216	20937	62609	21238	
889	897071	19207	62650	21072	
890	898215	19729	60835	21221	
891	898844	20335	59873	20948	
892	898891	20697	59271	21141	
893	898808	20994	60761	19437	
894	896560	21473	62026	19941	
895	893852	22424	63164	20560	
896	890815	23412	64891	20882	
897	888752	22774	67309	21165	
898	886320	23399	68610	21671	
899	886275	21508	69585	22632	
900	886928	21738	67681	23653	
901	888145	22180	66645	23030	
902	889219	21732	65426	23623	
903	890663	21950	65650	21737	
904	890142	22043	65862	21953	
905	890446	21430	65725	22399	
906	891020	21601	65423	21956	
907	890970	21791	65074	22165	
908	890929	22001	64822	22248	
909	892597	20354	65393	21656	
910	893587	20453	64146	21814	
911	894615	20575	62808	22002	
912	895675	20724	61382	22219	
913	896729	20929	61752	20590	
914	895945	21188	62228	20639	
915	894978	21391	62841	20790	
916	893858	21695	63508	20939	
917	892544	22050	64274	21132	
918	891009	22446	65136	21409	
919	889325	22882	66191	21602	
920	887342	23363	67378	21917	
921	887374	21664	68691	22271	
922	887359	22063	67909	22669	
923	887286	22529	67090	23095	
924	887130	23009	66256	23605	
925	887037	23440	67601	21922	
926	884911	23835	68978	22276	
927	883252	23728	70284	22736	
928	881760	24042	71003	23195	
929	880243	24454	71605	23698	
930	879444	24222	72224	24110	
931	878686	24606	72718	23990	
932	877645	24784	73282	24289	
933	881084	20553	73612	24751	
934	884668	20880	69943	24509	
935	887654	21274	66217	24855	
936	892277	19978	62707	25038	
937	897072	19994	62132	20802	
938	897519	20154	61246	21081	
939	898033	20366	60126	21475	
940	898763	20533	60514	20190	
941	898141	20610	61053	20196	
942	897238	20918	61509	20335	
943	895872	21496	62061	20571	
944	894569	21678	63024	20729	
945	893311	21781	64092	20816	
946	891788	22123	64955	21134	
947	890213	22487	65582	21718	
948	889333	22380	66391	21896	
949	888029	22986	66990	21995	
950	886151	23646	67853	22350	
951	883882	24366	69012	22740	
952	881435	24956	70998	22611	
953	878441	25384	72968	23207	
954	875185	26205	74706	23904	
955	871713	27139	76545	24603	
956	868857	27206	78728	25209	
957	866196	27642	80550	25612	
958	862987	28552	81987	26474	
959	860722	28462	83400	27416	
960	858536	29334	84656	27474	
961	855461	30292	86348	27899	
962	852145	30955	88088	28812	
963	851315	29362	90581	28742	
964	849781	29986	90609	29624	
965	848402	30682	90303	30613	
966	847318	31386	90030	31266	
967	847678	30579	92054	29689	
968	846383	30678	92647	30292	
969	844866	31511	92643	30980	
970	843115	32423	92768	31694	
971	841082	33427	94612	30879	
972	839301	32323	97361	31015	
973	836581	33445	98173	31801	
974	834572	33522	99195	32711	
975	832090	34855	99290	33765	
976	829280	36253	101822	32645	
977	824095	37494	104630	33781	
978	820677	36844	108602	33877	
979	816617	37602	110591	35190	
980	812943	38515	111940	36602	
981	809575	39634	112961	37830	
982	808096	38897	115751	37256	
983	805164	39846	117046	37944	
984	803989	38765	118377	38869	
985	803655	38804	117508	40033	
986	805588	37664	117415	39333	
987	807058	37472	115233	40237	
988	808293	38629	113940	39138	
989	807613	39422	113765	39200	
990	805537	40878	115523	38062	
991	801054	42128	118929	37889	
992	795662	42905	122428	39005	
993	789356	44909	125911	39824	
994	781939	46845	129942	41274	
995	774074	48697	134659	42570	
996	765715	50488	140451	43346	
997	757509	51110	146030	45351	
998	749533	52844	150295	47328	
999	743232	53160	154442	49166	
1000	744679	47233	157114	50974	
1001	746370	48746	153237	51647	
1002	747293	50230	149139	53338	
1003	747692	52429	146209	53670	
1004	746662	54171	151405	47762	
1005	738517	55464	156830	49189	
1006	733825	53368	162064	50743	
1007	731315	52764	163003	52918	
1008	731204	52493	161596	54707	
1009	733680	51680	158625	56015	
1010	739945	49171	156937	53947	
1011	745833	47484	153344	53339	
1012	754884	43739	148335	53042	
1013	764353	43058	140394	52195	
1014	773732	42292	134281	49695	
1015	781666	41303	129089	47942	
1016	787262	41842	126653	44243	
1017	791498	39555	125437	43510	
1018	795586	38969	122700	42745	
1019	799186	38745	120366	41703	
1020	801317	39147	117269	42267	
1021	804659	38514	116861	39966	
1022	804850	39412	116406	39332	
1023	804012	39763	117073	39152	
1024	801840	40906	117689	39565	
1025	798696	42348	120081	38875	
1026	793131	44035	123017	39817	
1027	787037	45485	127289	40189	
1028	782161	44645	131868	41326	
1029	777917	45163	134165	42755	
1030	774849	45403	135293	44455	
1031	772003	46844	135211	45942	
1032	770103	47420	137410	45067	
1033	766816	47936	139667	45581	
1034	763771	48147	142200	45882	
1035	760942	48276	143503	47279	
1036	759594	48144	144359	47903	
1037	761408	45626	144567	48399	
1038	763505	45811	142046	48638	
1039	765124	46527	139581	48768	
1040	769989	43404	137964	48643	
1041	776969	41205	135742	46084	
1042	781841	40773	131136	46250	
1043	789482	38125	125382	47011	
1044	798542	37460	120103	43895	
1045	804960	37016	116358	41666	
1046	812353	33892	112601	41154	
1047	821288	31792	108368	38552	
1048	827789	31643	102700	37868	
1049	834708	30559	97327	37406	