%Iteration	Healthy	Infected_1	Infected_2	Dead	
%pHIV=	[5, 10000]	; pINF=	[1, 100000]	

0	999569	431	0	0	
1	991973	7596	431	0	
2	962047	29926	8027	0	
3	897968	64079	37953	0	
4	796025	101943	102032	0	
5	663629	132396	203544	431	
6	516815	147241	328344	7600	
7	383853	140478	445659	30010	
8	297692	115884	522058	64366	
9	279555	81872	535999	102574	
10	329230	51920	485475	133375	
11	430919	30364	390154	148563	
12	561127	16910	280040	141923	
13	692786	8890	181066	117258	
14	803855	5057	108084	83004	
15	882363	3606	61221	52810	
16	931056	3599	34463	30882	
17	957597	4034	21152	17217	
18	969763	4877	16296	9064	
19	972734	6004	16116	5146	
20	970366	7469	18514	3651	
21	964859	9126	22384	3631	
22	957415	11042	27476	4067	
23	948326	13120	33641	4913	
24	937586	15605	40757	6052	
25	925223	18353	48893	7531	
26	911695	20975	58120	9210	
27	896755	24075	68053	11117	
28	880465	27304	79008	13223	
29	863202	30352	90707	15739	
30	846055	32725	102706	18514	
31	830222	34155	114456	21167	
32	815601	35572	124536	24291	
33	803905	35762	132804	27529	
34	794180	36981	138214	30625	
35	786299	38208	142470	33023	
36	780229	38773	146523	34475	
37	774393	39976	149724	35907	
38	770148	39791	153938	36123	
39	767202	38699	156748	37351	
40	767500	36688	157239	38573	
41	768942	36777	155154	39127	
42	770155	37523	151955	40367	
43	771673	38451	149687	40189	
44	773359	38087	149439	39115	
45	774278	37840	150838	37044	
46	773696	37247	151901	37156	
47	772719	37728	151625	37928	
48	772049	38200	150902	38849	
49	771710	38778	151015	38497	
50	770230	39575	151953	38242	
51	769821	38245	154281	37653	
52	768412	38685	154798	38105	
53	769930	36223	155283	38564	
54	775694	32425	152728	39153	
55	782594	31845	145578	39983	
56	790651	31501	139178	38670	
57	800020	28939	131994	39047	
58	809806	28878	124710	36606	
59	817378	28685	121163	32774	
60	821338	28481	118003	32178	
61	825236	27944	114983	31837	
62	829212	27561	113988	29239	
63	832276	25927	112671	29126	
64	838017	23076	109913	28994	
65	844180	22511	104508	28801	
66	850899	21804	99075	28222	
67	856721	22111	93318	27850	
68	861675	22639	89502	26184	
69	864169	23420	89065	23346	
70	862930	24320	89974	22776	
71	859767	25729	92490	22014	
72	854308	27235	96108	22349	
73	847568	28881	100704	22847	
74	839509	30662	106165	23664	
75	830208	32728	112507	24557	
76	820166	34348	119506	25980	
77	810146	35788	126619	27447	
78	799330	37968	133526	29176	
79	788268	39967	140832	30933	
80	777763	41124	148071	33042	
81	768727	41767	154847	34659	
82	760450	42592	160826	36132	
83	753348	42875	165450	38327	
84	748522	42773	168358	40347	
85	745612	42823	170007	41558	
86	743524	43229	171063	42184	
87	741807	43497	171700	42996	
88	740947	43410	172322	43321	
89	741267	42550	172959	43224	
90	744288	39762	172686	43264	
91	746532	40586	169219	43663	
92	749847	39915	166308	43930	
93	753299	40027	162813	43861	
94	756183	40505	160290	43022	
95	757775	40963	161033	40229	
96	758838	38751	161410	41001	
97	761678	37774	160246	40302	
98	763349	38240	157993	40418	
99	766544	36824	155728	40904	
100	771194	35845	151589	41372	
101	775470	36668	148683	39179	
102	777397	36877	147577	38149	
103	778811	36358	146214	38617	
104	780587	36454	145748	37211	
105	780000	37430	146357	36213	
106	778997	36872	147119	37012	
107	778948	36673	147114	37265	
108	778841	36996	147429	36734	
109	779191	36018	147971	36820	
110	778983	36690	146559	37768	
111	778966	37400	146377	37257	
112	777645	38166	147104	37085	
113	775691	38690	148274	37345	
114	772884	39771	150946	36399	
115	769365	39528	154027	37080	
116	765380	40699	156155	37766	
117	760741	42029	158688	38542	
118	756785	42108	162027	39080	
119	754569	40925	164364	40142	
120	752829	41460	165761	39950	
121	750608	41734	166522	41136	
122	749488	41830	166227	42455	
123	750593	40959	165949	42499	
124	751950	40726	165983	41341	
125	752663	40226	165249	41862	
126	758262	35835	163741	42162	
127	766976	33031	157746	42247	
128	775704	33075	149818	41403	
129	782996	33661	142167	41176	
130	789357	34396	135602	40645	
131	794506	35107	134163	36224	
132	795298	35034	136239	33429	
133	792064	36315	138198	33423	
134	787641	37509	140852	33998	
135	782549	38764	143965	34722	
136	776938	39972	147622	35468	
137	771844	40224	152560	35372	
138	766763	40109	156469	36659	
139	763196	39859	159069	37876	
140	759813	40843	160164	39180	
141	756555	42016	161035	40394	
142	753242	43290	162827	40641	
143	752989	40509	166008	40494	
144	752716	40377	166658	40249	
145	758598	33937	166192	41273	
146	765881	33575	158113	42431	
147	774340	33520	148398	43742	
148	785328	32347	141409	40916	
149	793461	32382	133379	40778	
150	803226	30587	131824	34363	
151	807479	29806	128836	33879	
152	812160	28852	125122	33866	
153	817235	28481	121627	32657	
154	820902	28648	117726	32724	
155	824385	28904	115787	30924	
156	826951	28057	114885	30107	
157	828073	28668	114090	29169	
158	827689	29251	114277	28783	
159	826070	30153	114880	28897	
160	823444	31245	116129	29182	
161	822537	29805	119317	28341	
162	819557	31020	120454	28969	
163	816056	32182	122223	29539	
164	812387	32931	124252	30430	
165	808874	33618	125938	31570	
166	805734	34375	129751	30140	
167	803140	32455	133106	31299	
168	802872	31245	133379	32504	
169	803659	31416	131693	33232	
170	805153	31426	129491	33930	
171	807284	31447	126542	34727	
172	809663	32011	125534	32792	
173	810019	32125	126300	31556	
174	808304	32963	127009	31724	
175	806807	32912	128546	31735	
176	806675	31545	130011	31769	
177	810257	27859	129545	32339	
178	814153	28099	125279	32469	
179	817836	28472	120415	33277	
180	822604	28192	115975	33229	
181	829508	25977	112622	31893	
182	835467	25615	110740	28178	
183	838158	25202	108256	28384	
184	841163	25049	104986	28802	
185	844596	25079	101843	28482	
186	847457	25325	100945	26273	
187	847691	25795	100655	25859	
188	846820	26473	101248	25459	
189	845502	26539	102672	25287	
190	844673	25847	104132	25348	
191	843329	26402	104654	25615	
192	841887	26813	105261	26039	
193	840021	27651	105601	26727	
194	838066	28404	106713	26817	
195	836458	28169	109270	26103	
196	834549	27753	111037	26661	
197	833141	27793	111977	27089	
198	831927	28028	112119	27926	
199	831395	28182	111743	28680	
200	830960	28790	111756	28494	
201	830378	28794	112793	28035	
202	829276	28864	113794	28066	
203	827051	30020	114630	28299	
204	823787	31271	116468	28474	
205	819439	32518	118949	29094	
206	814563	33665	122673	29099	
207	809312	34044	127474	29170	
208	804155	34020	131498	30327	
209	799343	34834	134247	31576	
210	795102	35487	136563	32848	
211	791421	36195	138385	33999	
212	788050	37023	140536	34391	
213	785758	36346	143539	34357	
214	784286	35489	145051	35174	
215	785184	33939	145053	35824	
216	786042	34595	142797	36566	
217	786742	35511	140369	37378	
218	789006	34734	139534	36726	
219	789272	36106	138779	35843	
220	787361	37374	140946	34319	
221	782250	39059	143725	34966	
222	777617	39237	147273	35873	
223	772168	40955	151776	35101	
224	767974	38926	156625	36475	
225	764779	39345	158177	37699	
226	763467	38657	158463	39413	
227	763769	38732	157883	39616	
228	764460	38511	155660	41369	
229	766771	38598	155245	39386	
230	767677	38039	154498	39786	
231	769663	37398	153880	39059	
232	773746	34576	152546	39132	
233	779521	32970	148611	38898	
234	785995	32039	142983	38983	
235	794527	30032	136983	38458	
236	803721	28873	129617	37789	
237	813868	27255	123914	34963	
238	824377	24088	118199	33336	
239	834888	22497	110248	32367	
240	846512	20414	102713	30361	
241	857246	19317	94254	29183	
242	869733	16413	86316	27538	
243	881303	15682	78641	24374	
244	890378	15078	71826	22718	
245	898224	14653	66490	20633	
246	903833	14802	61826	19539	
247	908039	15130	60215	16616	
248	908776	15715	59663	15846	
249	907827	16610	60300	15263	
250	905148	17782	62257	14813	
251	900956	18837	65237	14970	
252	896802	18960	68944	15294	
253	891868	20080	72189	15863	
254	886184	21403	75659	16754	
255	880049	22727	79280	17944	
256	873642	24171	83170	19017	
257	866764	25715	88381	19140	
258	859031	26674	94016	20279	
259	852125	26989	99287	21599	
260	845760	27743	103549	22948	
261	839612	28892	107121	24375	
262	833689	30056	110298	25957	
263	828158	31242	113680	26920	
264	822451	32377	117933	27239	
265	815904	33487	122567	28042	
266	809457	34189	127162	29192	
267	804099	34246	131295	30360	
268	799987	34168	134299	31546	
269	796555	34653	136090	32702	
270	795066	33861	137256	33817	
271	794995	33539	136928	34538	
272	795166	34034	136221	34579	
273	794705	34678	136087	34530	
274	795156	33740	136112	34992	
275	797305	32494	135991	34210	
276	799625	31550	134946	33879	
277	801039	32135	132462	34364	
278	801977	33084	129919	35020	
279	802994	33633	129263	34110	
280	804290	32451	130402	32857	
281	804230	32575	131303	31892	
282	803276	32540	131743	32441	
283	802305	33069	131199	33427	
284	801707	33695	130635	33963	
285	804358	31008	131879	32755	
286	805009	31774	130312	32905	
287	806062	31508	129546	32884	
288	806315	32304	127985	33396	
289	806082	33284	126594	34040	
290	805364	34398	128870	31368	
291	801492	34899	131494	32115	
292	797449	35856	134885	31810	
293	792015	36912	138437	32636	
294	787613	36739	142065	33583	
295	783669	37174	144406	34751	
296	781326	36748	146681	35245	
297	778962	37270	147573	36195	
298	776642	38143	147931	37284	
299	775886	37668	149335	37111	
300	776177	36456	149829	37538	
301	776401	36951	149537	37111	
302	777274	35867	149218	37641	
303	778043	36517	146942	38498	
304	780878	35289	145791	38042	
305	783839	34719	144624	36818	
306	784807	35474	142392	37327	
307	785986	35763	141999	36252	
308	786868	35047	141245	36840	
309	787213	36120	141003	35664	
310	786556	35964	142404	35076	
311	784298	36992	142894	35816	
312	783571	36209	144123	36097	
313	781172	38142	145285	35401	
314	776012	40193	147307	36488	
315	770824	41303	151536	36337	
316	764185	42609	155847	37359	
317	756785	44365	162247	36603	
318	746907	46120	168470	38503	
319	739371	45648	174397	40584	
320	733968	45580	178742	41710	
321	728700	46533	181713	43054	
322	725711	45607	183881	44801	
323	724664	45371	183368	46597	
324	726485	44299	183091	46125	
325	730295	41860	181810	46035	
326	736608	39260	177137	46995	
327	746480	36666	170790	46064	
328	757526	34585	162085	45804	
329	770354	32515	152371	44760	
330	784386	30268	143026	42320	
331	800919	25346	134034	39701	
332	817024	23185	122714	37077	
333	830688	23061	111314	34937	
334	841884	23401	101860	32855	
335	850479	23936	94993	30592	
336	857592	23154	93583	25671	
337	860457	22553	93552	23438	
338	860460	23194	93044	23302	
339	859541	23999	92837	23623	
340	858472	24443	92900	24185	
341	857461	24987	94189	23363	
342	854473	26091	96623	22813	
343	850060	26971	99520	23449	
344	845158	28147	102492	24203	
345	839708	29413	106196	24683	
346	833687	30473	110622	25218	
347	827399	31258	115004	26339	
348	821322	32168	119291	27219	
349	816038	32235	123312	28415	
350	813979	30208	126134	29679	
351	812369	30986	125869	30776	
352	813170	29654	125597	31579	
353	815228	29237	123083	32452	
354	817626	29682	120085	32607	
355	820653	29259	119559	30529	
356	821056	29801	117832	31311	
357	821455	30612	117979	29954	
358	820602	30491	119354	29553	
359	818334	31537	120163	29966	
360	815472	32525	122441	29562	
361	810814	33929	125165	30092	
362	805073	35525	128482	30920	
363	798315	37361	133516	30808	
364	789196	39631	139340	31833	
365	778814	41896	146446	32844	
366	772298	39027	154413	34262	
367	767277	38937	157915	35871	
368	762999	39800	159491	37710	
369	759853	40443	159660	40044	
370	758792	40682	158207	42319	
371	759564	41136	159862	39438	
372	756969	41648	162061	39322	
373	753837	42058	163909	40196	
374	753595	40031	165524	40850	
375	753621	40396	164873	41110	
376	755365	38930	164133	41572	
377	757537	39016	161415	42032	
378	760553	38572	158373	42502	
379	763916	38729	156914	40441	
380	765267	38676	155247	40810	
381	768322	37341	154993	39344	
382	771491	35773	153318	39418	
383	775771	34751	150519	38959	
384	779904	34436	146541	39119	
385	784604	34010	142301	39085	
386	789857	33436	138970	37737	
387	794078	33166	136633	36123	
388	797667	32177	135048	35108	
389	801577	30814	132789	34820	
390	805281	30797	129593	34329	
391	809619	29663	126954	33764	
392	814789	28250	123451	33510	
393	819514	28468	119524	32494	
394	823134	28537	117178	31151	
395	825427	28513	114918	31142	
396	826874	29351	113768	30007	
397	826475	30109	114869	28547	
398	823746	30965	116510	28779	
399	821990	30261	118938	28811	
400	819015	31478	120686	28821	
401	815010	32568	122813	29609	
402	811316	32995	125272	30417	
403	809865	31570	127302	31263	
404	810500	30333	128611	30556	
405	809961	30806	127466	31767	
406	810775	30648	125704	32873	
407	812771	30549	123357	33323	
408	815242	30514	122336	31908	
409	816911	29948	122517	30624	
410	817422	29826	121659	31093	
411	818207	29984	120837	30972	
412	818965	29933	120272	30830	
413	819459	30058	119691	30792	
414	822676	27263	119801	30260	
415	825551	27081	117238	30130	
416	828743	26619	114335	30303	
417	832464	26292	111021	30223	
418	837693	24718	107255	30334	
419	843604	24125	104710	27561	
420	847929	22961	101754	27356	
421	852454	22538	98096	26912	
422	856895	22191	94342	26572	
423	861305	21863	91815	25017	
424	864331	21747	89553	24369	
425	866369	22091	88339	23201	
426	866972	22336	87892	22800	
427	866742	22807	88037	22414	
428	865375	23544	88981	22100	
429	862871	24381	90778	21970	
430	859454	25165	93068	22313	
431	855341	26185	95897	22577	
432	850288	27398	99275	23039	
433	845146	27957	103129	23768	
434	840183	28486	106705	24626	
435	836414	28136	110026	25424	
436	832919	28657	111977	26447	
437	829872	29243	113236	27649	
438	826674	30578	114522	28226	
439	822563	32077	116614	28746	
440	817445	33591	120555	28409	
441	812248	33329	125489	28934	
442	806230	34667	129575	29528	
443	799393	36100	133664	30843	
444	792833	37107	137687	32373	
445	788923	35991	141203	33883	
446	785320	37164	143865	33651	
447	780680	37951	146362	35007	
448	778467	36888	148213	36432	
449	777326	37230	147994	37450	
450	777499	36893	149233	36375	
451	776318	37193	148962	37527	
452	781750	31703	148204	38343	
453	788063	31645	143019	37273	
454	793272	31741	137434	37553	
455	798446	31991	132282	37281	
456	805144	30246	127080	37530	
457	811504	30786	125623	32087	
458	811824	31462	124764	31950	
459	812277	31198	124485	32040	
460	814174	29813	123692	32321	
461	815257	30929	123259	30555	
462	813307	32227	123402	31064	
463	810747	33335	124167	31751	
464	808672	33541	126304	31483	
465	808578	31263	130032	30127	
466	806804	31623	130366	31207	
467	806494	31208	129762	32536	
468	808058	30660	127635	33647	
469	810826	30541	124754	33879	
470	812946	31373	124032	31649	
471	812331	31958	123782	31929	
472	812780	31146	124532	31542	
473	812536	31473	125018	30973	
474	811367	31842	125950	30841	
475	809838	32100	126419	31643	
476	808727	32417	126561	32295	
477	808646	32030	127832	31492	
478	808364	31435	128389	31812	
479	809410	30438	127982	32170	
480	811560	29688	126320	32432	
481	814642	29012	123591	32755	
482	818168	28854	120573	32405	
483	821768	28488	117992	31752	
484	824772	28424	116042	30762	
485	827127	28094	114778	30001	
486	828569	28245	113860	29326	
487	829140	28447	113251	29162	
488	830328	27664	113210	28798	
489	830638	28160	112450	28752	
490	830340	28752	112516	28392	
491	829190	29260	113023	28527	
492	827792	29655	113836	28717	
493	826111	30104	115827	27958	
494	823095	30686	117771	28448	
495	821384	29866	119705	29045	
496	819781	30329	120311	29579	
497	818336	30704	120985	29975	
498	816772	31272	121585	30371	
499	817787	29057	122171	30985	
500	818906	29576	121362	30156	
501	818352	30413	120609	30626	
502	817260	31413	120318	31009	
503	815583	32410	120459	31548	
504	813011	33802	123812	29375	
505	806792	35298	128038	29872	
506	799402	36979	132923	30696	
507	791329	38475	138489	31707	
508	783068	39652	144554	32726	
509	774803	40670	150404	34123	
510	768333	40247	155776	35644	
511	762889	40728	159044	37339	
512	758404	41458	161297	38841	
513	755153	41754	163103	39990	
514	752438	42299	164187	41076	
515	750656	42465	166239	40640	
516	748821	42056	167976	41147	
517	746489	43069	168574	41868	
518	748204	39746	169889	42161	
519	750000	39976	167336	42688	
520	752258	40021	164847	42874	
521	758551	36169	162812	42468	
522	765647	34983	155912	43458	
523	772747	35881	151149	40223	
524	775560	36961	147054	40425	
525	777916	37668	143994	40422	
526	779569	38365	145493	36573	
527	777240	38504	148875	35381	
528	776125	36123	151498	36254	
529	775394	36614	150660	37332	
530	775467	36895	149606	38032	
531	775286	37826	148136	38752	
532	779634	34039	147458	38869	
533	783683	34438	145374	36505	
534	786416	33393	143198	36993	
535	789096	33906	139696	37302	
536	792353	33667	135776	38204	
537	797524	32669	135404	34403	
538	799037	32552	133635	34776	
539	803702	29800	132794	33704	
540	806714	30360	128688	34238	
541	809999	30631	125381	33989	
542	812484	31182	123343	32991	
543	813776	31383	121973	32868	
544	815221	31107	123556	30116	
545	813956	31099	124303	30642	
546	814014	30277	124771	30938	
547	814038	30609	123866	31487	
548	814270	30952	123092	31686	
549	814118	31533	122937	31412	
550	813516	31714	123371	31399	
551	812039	32595	124808	30558	
552	808581	33703	126794	30922	
553	804371	34808	129545	31276	
554	799569	35780	132820	31831	
555	793869	37216	136886	32029	
556	787273	38279	141507	32941	
557	780554	39341	146083	34022	
558	773303	40952	150616	35129	
559	766241	41841	155788	36130	
560	758044	43993	160413	37550	
561	749275	45921	166127	38677	
562	739139	48383	172707	39771	
563	729406	49088	180138	41368	
564	723311	47058	187385	42246	
565	717981	47150	190450	44419	
566	714267	47696	191679	46358	
567	711812	48353	190992	48843	
568	710856	49312	190257	49575	
569	709577	50292	192511	47620	
570	706551	50165	195653	47631	
571	707406	46298	198122	48174	
572	708889	46196	196067	48848	
573	712404	44846	192951	49799	
574	717742	43963	187505	50790	
575	725990	42025	181303	50682	
576	734876	41293	177030	46801	
577	740524	40652	172127	46697	
578	748182	38602	167933	45283	
579	754653	38381	162572	44394	
580	760123	38463	158928	42486	
581	765394	36787	156098	41721	
582	770092	36601	152233	41074	
583	773345	37390	150232	39033	
584	775125	36842	149241	38792	
585	775715	37798	147620	38867	
586	775248	38950	148631	37171	
587	772432	39590	150980	36998	
588	769470	39595	153180	37755	
589	766850	40003	155933	37214	
590	763079	40610	158138	38173	
591	759697	41184	159798	39321	
592	758469	40133	161392	40006	
593	757800	40256	161930	40014	
594	756753	40636	162183	40428	
595	756174	40627	162209	40990	
596	757012	39739	161652	41597	
597	761145	37061	161258	40536	
598	765729	35543	158063	40665	
599	770769	35216	152970	41045	
600	777235	34145	147559	41061	
601	784089	33770	141965	40176	
602	790463	33421	138674	37442	
603	794437	33099	136552	35912	
604	798689	31266	134435	35610	
605	803822	30110	131556	34512	
606	808830	29131	127896	34143	
607	815590	27025	123606	33779	
608	822365	26668	117532	33435	
609	828933	26514	112934	31619	
610	836207	24054	109338	30401	
611	842401	23881	104261	29457	
612	847717	23845	101117	27321	
613	850496	24283	98294	26927	
614	853260	23896	96063	26781	
615	855290	24508	95905	24297	
616	854118	25233	96532	24117	
617	852295	25710	97920	24075	
618	849694	26414	99347	24545	
619	847089	26921	101865	24125	
620	845154	25819	104278	24749	
621	842722	26933	104864	25481	
622	840312	27632	106087	25969	
623	838158	27882	107305	26655	
624	835175	29389	108266	27170	
625	831282	30771	111836	26111	
626	826018	31113	115674	27195	
627	820465	32469	119155	27911	
628	814243	33882	123742	28133	
629	806773	35337	128235	29655	
630	799259	36851	132801	31089	
631	791671	38391	138539	31399	
632	783068	39696	144461	32775	
633	778446	37063	150275	34216	
634	778070	34259	152001	35670	
635	779368	34018	149409	37205	
636	782343	33833	145036	38788	
637	787087	33661	139173	40079	
638	793263	33535	135771	37431	
639	796704	33556	135047	34693	
640	797446	33606	134585	34363	
641	797762	33698	134358	34182	
642	797679	33911	134395	34015	
643	797138	34214	134771	33877	
644	796174	34489	135429	33908	
645	797005	32740	136312	33943	
646	799851	30766	135354	34029	
647	802703	30839	132209	34249	
648	805211	31384	128834	34571	
649	807205	32261	125729	34805	
650	810359	31276	125250	33115	
651	810563	32586	125760	31091	
652	809726	31611	127507	31156	
653	808252	32299	127734	31715	
654	806293	33364	127772	32571	
655	805813	32717	129860	31610	
656	803595	33502	129991	32912	
657	802490	33700	131882	31928	
658	803942	30159	133283	32616	
659	808441	27787	130078	33694	
660	814517	27295	125148	33040	
661	820381	26846	118941	33832	
662	827614	26248	112087	34051	
663	835471	25848	108176	30505	
664	840189	25492	106237	28082	
665	844456	23523	104434	27587	
666	848957	22827	101111	27105	
667	853103	22686	97690	26521	
668	856805	22584	94528	26083	
669	860103	22506	91620	25771	
670	863089	22495	90603	23813	
671	864128	22527	90271	23074	
672	864409	22565	90112	22914	
673	865911	21189	90093	22807	
674	869805	18700	88776	22719	
675	873752	18544	84981	22723	
676	878336	17879	80998	22787	
677	882533	18377	76312	22778	
678	886765	18290	73500	21445	
679	890230	17770	73090	18910	
680	890549	18425	72316	18710	
681	889865	19201	72862	18072	
682	887585	20159	73686	18570	
683	884640	21309	75555	18496	
684	880324	22609	79094	17973	
685	875101	23009	83278	18612	
686	869312	24227	87086	19375	
687	862977	25533	91154	20336	
688	857360	25738	95378	21524	
689	852427	26266	98507	22800	
690	848214	26783	101764	23239	
691	844194	27011	104320	24475	
692	841405	26997	105798	25800	
693	838902	28032	107057	26009	
694	835750	28873	108823	26554	
695	831978	30074	110913	27035	
696	827399	31325	113976	27300	
697	821996	32443	118304	27257	
698	815377	33612	122715	28296	
699	809308	34075	127454	29163	
700	804116	34048	131455	30381	
701	799399	34768	134178	31655	
702	796131	34592	136503	32774	
703	794745	33858	137483	33914	
704	794395	33938	137266	34401	
705	795150	33305	137156	34389	
706	797963	31227	135693	35117	
707	801627	31107	132328	34938	
708	804907	31286	129577	34230	
709	807242	31570	126925	34263	
710	810891	30271	125190	33648	
711	816442	27785	124234	31539	
712	819480	28160	120912	31448	
713	823571	27015	117786	31628	
714	827148	27741	113231	31880	
715	830521	28201	110701	30577	
716	832558	28241	111117	28084	
717	831842	28525	111198	28435	
718	831662	28354	112708	27276	
719	832632	26008	113321	28039	
720	834153	26247	111128	28472	
721	835106	27242	109134	28518	
722	835078	28241	107851	28830	
723	835701	27929	107738	28632	
724	834927	29113	109659	26301	
725	830484	30454	112525	26537	
726	826451	30294	115737	27518	
727	821991	31720	117790	28499	
728	817053	33170	121581	28196	
729	810264	34715	125638	29383	
730	803064	36294	129899	30743	
731	796536	36962	135899	30603	
732	790504	36331	141141	32024	
733	785086	37146	144302	33466	
734	780485	37739	146733	35043	
735	777939	37236	148178	36647	
736	776229	37995	148452	37324	
737	780208	32960	150116	36716	
738	784331	32229	145930	37510	
739	788321	33141	140420	38118	
740	792047	34000	136325	37628	
741	794319	35007	132330	38344	
742	796350	35965	134377	33308	
743	792234	37093	138113	32560	
744	786659	37799	142065	33477	
745	781538	38241	145864	34357	
746	776555	38983	149098	35364	
747	772545	39027	152116	36312	
748	771140	37349	154050	37461	
749	770536	37652	153600	38212	
750	772373	35989	153011	38627	
751	774530	36110	150017	39343	
752	777202	36300	147100	39398	
753	779680	36527	146051	37742	
754	782250	34815	144926	38009	
755	785155	34754	143752	36339	
756	786453	34685	142396	36466	
757	790419	32120	140781	36680	
758	795461	31260	136374	36905	
759	801327	30687	132819	35167	
760	805981	30165	128752	35102	
761	810990	29735	124232	35043	
762	816707	28926	121847	32520	
763	824119	24780	119513	31588	
764	834314	21072	113606	31008	
765	844364	20660	104513	30463	
766	854959	19542	95438	30061	
767	865390	19348	86054	29208	
768	875436	18847	80622	25095	
769	881658	18611	78397	21334	
770	884065	18725	76348	20862	
771	886484	18213	75531	19772	
772	890055	15992	74396	19557	
773	892599	16779	71541	19081	
774	893802	17683	69709	18806	
775	894538	17898	68667	18897	
776	895125	18135	68352	18388	
777	895542	17788	70495	16175	
778	893618	17955	71504	16923	
779	891565	18780	71776	17879	
780	890167	19106	72658	18069	
781	888204	19851	73629	18316	
782	885163	21177	75692	17968	
783	880310	22641	78914	18135	
784	873979	24284	82775	18962	
785	866805	25951	87953	19291	
786	858062	27824	94053	20061	
787	848252	29685	100700	21363	
788	837657	31739	107744	22860	
789	826358	33926	115199	24517	
790	816828	33827	123174	26171	
791	808344	34365	129177	28114	
792	799848	36320	133857	29975	
793	793961	35585	138438	32016	
794	788788	36847	140097	34268	
795	784893	37837	143117	34153	
796	779669	39037	146589	34705	
797	774145	39855	149306	36694	
798	771380	39101	153576	35943	
799	768419	38534	155830	37217	
800	768600	36643	156527	38230	
801	772222	34207	154133	39438	
802	777697	33548	148485	40270	
803	783926	33616	142932	39526	
804	789300	33765	138014	38921	
805	793917	33952	135136	36995	
806	796339	34222	134881	34558	
807	796148	34408	135555	33889	
808	795046	34635	136347	33972	
809	794012	34650	137217	34121	
810	793591	34199	137915	34295	
811	793374	34185	137892	34549	
812	793310	34256	137669	34765	
813	794065	33651	137290	34994	
814	795334	33383	136291	34992	
815	796427	33553	135475	34545	
816	798261	32349	134843	34547	
817	799677	32784	132936	34603	
818	800887	33057	132069	33987	
819	804324	30228	131743	33705	
820	807340	30337	128418	33905	
821	810458	30484	126406	32652	
822	812606	30179	124106	33109	
823	815201	30165	121228	33406	
824	822115	26155	121165	30565	
825	826352	26034	116983	30631	
826	830614	26083	112533	30770	
827	835328	25766	108437	30469	
828	839356	26128	104038	30478	
829	842962	26565	104011	26462	
830	842033	27137	104542	26288	
831	840184	27868	105596	26352	
832	838266	27981	107698	26055	
833	835176	28921	109551	26352	
834	831332	29923	111907	26838	
835	826819	31092	114693	27396	
836	823638	30303	117917	28142	
837	819686	31770	120239	28305	
838	814489	33229	123088	29194	
839	808591	34822	126394	30193	
840	801918	36558	130124	31400	
841	794887	38127	136379	30607	
842	793005	32191	142736	32068	
843	791634	33117	141698	33551	
844	791017	33835	139993	35155	
845	790446	35343	137270	36941	
846	790797	36198	134486	38519	
847	791383	37549	138493	32575	
848	784747	38850	142925	33478	
849	782816	35089	147940	34155	
850	781153	35452	147686	35709	
851	781153	35326	146940	36581	
852	782063	35289	144717	37931	
853	784475	35147	141156	39222	
854	787795	35502	141214	35489	
855	787147	35799	141264	35790	
856	787919	34696	141737	35648	
857	792756	30451	141144	35649	
858	797421	30616	136448	35515	
859	801636	30952	131562	35850	
860	806913	30220	126715	36152	
861	812359	30357	122239	35045	
862	816458	30614	122145	30783	
863	815983	30938	122143	30936	
864	815302	31307	122129	31262	
865	815292	30976	123216	30516	
866	813831	31673	123835	30661	
867	811638	32527	124894	30941	
868	809565	32696	126483	31256	
869	806740	33763	127872	31625	
870	804135	33917	130659	31289	
871	802172	32930	132903	31995	
872	799937	33931	133306	32826	
873	797276	35158	134541	33025	
874	793481	36497	135936	34086	
875	791511	35713	138516	34260	
876	790539	34895	141299	33267	
877	790291	33197	142263	34249	
878	790712	33492	140302	35494	
879	793620	32242	137297	36841	
880	798061	32061	133826	36052	
881	801958	31816	130992	35234	
882	805419	31430	129611	33540	
883	809135	29452	127549	33864	
884	815312	27342	124759	32587	
885	821483	26114	120040	32363	
886	828604	24904	114338	32154	
887	836619	23824	107812	31745	
888	847004	21021	102184	29791	
889	857484	19006	95863	27647	
890	867211	17646	88755	26388	
891	876917	16426	81497	25160	
892	885983	15833	74099	24085	
893	894373	15440	68911	21276	
894	900186	15259	65345	19210	
895	904354	14861	62958	17827	
896	907036	14935	61393	16636	
897	908398	15104	60495	16003	
898	910074	14167	60159	15600	
899	910880	14629	59067	15424	
900	910945	15214	58835	15006	
901	911509	14304	59114	15073	
902	911710	14733	58314	15243	
903	911449	15350	58880	14321	
904	909618	16027	59601	14754	
905	907461	16776	60414	15349	
906	905086	17581	62886	14447	
907	900937	18436	65734	14893	
908	896339	19342	68820	15499	
909	892000	19653	72135	16212	
910	888430	19615	75012	16943	
911	886111	19088	77046	17755	
912	883659	20032	77698	18611	
913	881012	21047	78388	19553	
914	878271	22119	79782	19828	
915	876837	21063	82286	19814	
916	874747	21727	84261	19265	
917	871709	22121	85956	20214	
918	869156	22564	87030	21250	
919	866884	23274	87475	22367	
920	865055	23998	89686	21261	
921	861345	24756	91957	21942	
922	857552	25512	94592	22344	
923	853365	26321	97540	22774	
924	848720	27184	100587	23509	
925	843935	28061	103773	24231	
926	841348	26594	107078	24980	
927	839029	27062	108160	25749	
928	836976	27535	108901	26588	
929	835262	28030	109252	27456	
930	833859	28596	109221	28324	
931	834270	27609	111223	26898	
932	832626	28268	111770	27336	
933	830664	29030	112503	27803	
934	828269	29929	113503	28299	
935	825313	30962	114836	28889	
936	821812	32100	118189	27899	
937	816135	33292	122021	28552	
938	810142	34247	126283	29328	
939	804066	35116	130601	30217	
940	797913	36043	134755	31289	
941	791916	36977	138698	32409	
942	786093	37907	142383	33617	
943	780540	38855	146043	34562	
944	775335	39398	149782	35485	
945	771499	38942	153137	36422	
946	768005	39569	155102	37324	
947	765691	39281	156764	38264	
948	766992	36600	157190	39218	
949	769313	36520	154392	39775	
950	772941	35774	151970	39315	
951	775448	36404	148175	39973	
952	786820	28216	145298	39666	
953	797251	28870	136914	36965	
954	805652	28193	129264	36891	
955	815440	26762	121683	36115	
956	824015	27177	112041	36767	
957	832851	27583	111002	28564	
958	832847	28282	109715	29156	
959	833419	28292	109804	28485	
960	833374	28276	111334	27016	
961	832679	27421	112433	27467	
962	831791	28058	112271	27880	
963	830582	28780	112047	28591	
964	829896	28998	112535	28571	
965	831948	26220	113257	28575	
966	834168	26087	112056	27689	
967	835574	26000	110085	28341	
968	838339	25278	107305	29078	
969	842679	24444	103585	29292	
970	852559	19108	101809	26524	
971	859215	19613	94830	26342	
972	866031	19265	88443	26261	
973	872164	19856	82430	25550	
974	876415	21042	77842	24701	
975	878373	22522	79776	19329	
976	874480	23036	82685	19799	
977	870090	23986	86456	19468	
978	864142	25206	90586	20066	
979	857505	26496	94750	21249	
980	850700	27842	98724	22734	
981	844120	29119	103530	23231	
982	836783	30305	108663	24249	
983	829466	31314	113762	25458	
984	824651	30024	118580	26745	
985	820506	30605	120762	28127	
986	818546	29785	122248	29421	
987	817521	30166	121728	30585	
988	818178	29606	120580	31636	
989	820650	28875	120162	30313	
990	822634	28035	118432	30899	
991	825789	27409	116682	30120	
992	828767	26852	113925	30456	
993	832702	26211	111171	29916	
994	837514	24783	108507	29196	
995	843995	22435	105255	28315	
996	849919	22115	100281	27685	
997	855399	21932	95544	27125	
998	860456	21776	91265	26503	
999	865017	21654	88258	25071	
1000	868384	21454	87477	22685	
1001	869408	21447	86816	22329	
1002	870029	21499	86331	22141	
1003	870355	21608	86054	21983	
1004	870341	21769	86008	21882	
1005	869989	22000	86323	21688	
1006	869097	22349	86876	21678	
1007	867803	22791	87726	21680	
1008	867572	21707	88909	21812	
1009	867776	21388	88847	21989	
1010	867178	22382	88235	22205	
1011	865661	23488	88268	22583	
1012	863335	24673	88965	23027	
1013	860501	25649	91931	21919	
1014	855690	26526	96192	21592	
1015	849322	27754	100336	22588	
1016	843980	27714	104602	23704	
1017	838530	28904	107643	24923	
1018	834314	28905	110898	25883	
1019	830645	29268	113277	26810	
1020	829263	27909	114791	28037	
1021	828326	28680	114986	28008	
1022	826373	29690	114762	29175	
1023	825192	30055	115547	29206	
1024	823086	31055	116334	29525	
1025	820127	32171	119480	28222	
1026	817043	30997	122971	28989	
1027	814172	31573	124278	29977	
1028	811740	32137	125796	30327	
1029	808484	33295	126878	31343	
1030	805529	33988	128002	32481	
1031	802996	34686	130993	31325	
1032	800741	33266	134106	31887	
1033	799024	33282	135235	32459	
1034	797307	33856	135222	33615	
1035	796797	33752	135090	34361	
1036	796366	34416	134156	35062	
1037	797415	33652	135306	33627	
1038	796120	34595	135676	33609	
1039	793993	35421	136415	34171	
1040	792471	35351	138084	34094	
1041	791149	35093	139019	34739	
1042	790381	35153	140460	34006	
1043	790294	33735	141018	34953	
1044	791858	33059	139332	35751	
1045	795634	31621	137040	35705	
1046	799657	31330	133568	35445	
1047	802776	31993	129745	35486	
1048	806450	31453	128003	34094	
1049	808670	31536	126397	33397	