%Iteration	Healthy	Infected_1	Infected_2	Dead	
%pHIV=	[5, 100]	; pINF=	[974, 10000000]	

0	953000	47000	0	0	
1	420273	532727	47000	0	
2	69652	350621	579727	0	
3	58838	10814	930348	0	
4	58808	30	941162	0	
5	58808	0	894192	47000	
6	105281	8	361465	533246	
7	633048	65	10852	356035	
8	984686	878	103	14333	
9	994049	4819	951	181	
10	982091	12139	5770	0	
11	959780	22311	17901	8	
12	924906	34882	40147	65	
13	875957	49013	74151	879	
14	813823	62999	118345	4833	
15	743216	75385	169205	12194	
16	670715	84574	222279	22432	
17	602806	90131	271971	35092	
18	546413	91153	313089	49345	
19	508422	86857	341243	63478	
20	492080	79196	352715	76009	
21	497608	69738	347337	85317	
22	522886	59180	326944	90990	
23	564074	48845	294971	92110	
24	612349	42890	256959	87802	
25	658771	40490	220653	80086	
26	697985	40037	191405	70573	
27	724096	43742	172262	59900	
28	733936	49452	167159	49453	
29	727072	55802	173721	43405	
30	707732	62336	189033	40899	
31	680385	67810	211332	40473	
32	646357	74118	235400	44125	
33	611170	78904	260066	49860	
34	579365	81146	283168	56321	
35	552998	82131	301978	62893	
36	534537	80757	316299	68407	
37	523770	78512	322938	74780	
38	522460	75364	322546	79630	
39	528094	73186	316764	81956	
40	538635	70571	307819	82975	
41	551972	68767	297633	81628	
42	564282	68518	287888	79312	
43	573245	69584	281042	76129	
44	575662	72943	277440	73955	
45	571421	77442	279812	71325	
46	560018	81981	288487	69514	
47	543964	84871	301950	69215	
48	526270	86178	317237	70315	
49	508281	87621	330472	73626	
50	492063	89113	340651	78173	
51	480048	89433	347783	82736	
52	473100	88894	352345	85661	
53	468224	89633	355061	87082	
54	464185	90258	357073	88484	
55	460577	91219	358218	89986	
56	456620	92957	360004	90419	
57	451756	94328	364067	89849	
58	443685	97005	368762	90548	
59	435124	98173	375509	91194	
60	424414	100944	382463	92179	
61	413421	102242	390450	93887	
62	403314	103009	398364	95313	
63	394394	103235	404368	98003	
64	386884	104606	409430	99080	
65	378769	106195	413092	101944	
66	373628	106047	417045	103280	
67	369951	105918	420083	104048	
68	367850	105136	422766	104248	
69	366012	105025	423296	105667	
70	367286	103371	422126	107217	
71	368571	104882	419450	107097	
72	366175	108440	418414	106971	
73	361735	110349	421718	106198	
74	353302	113521	427042	106135	
75	341838	116523	437192	104447	
76	327170	118129	448833	105868	
77	315773	116191	458522	109514	
78	305974	118224	464364	111438	
79	296031	120236	469067	114666	
80	289367	120096	472780	117757	
81	286303	119670	474747	119280	
82	283002	121385	478226	117387	
83	277438	121806	481387	119369	
84	275441	120151	482957	121451	
85	273958	121757	483012	121273	
86	269618	124361	485099	120922	
87	263980	125332	488075	122613	
88	260231	125189	491601	122979	
89	255250	126736	496639	121375	
90	248479	126958	501618	122945	
91	245325	124943	504215	125517	
92	243046	126580	503826	126548	
93	239224	129078	505217	126481	
94	235380	129028	507559	128033	
95	234505	127603	509629	128263	
96	233101	128381	512289	126229	
97	230070	128022	514090	127818	
98	230972	125593	513034	130401	
99	233156	126879	509599	130366	
100	232914	129429	508875	128782	
101	229798	130643	509923	129636	
102	228246	129872	512544	129338	
103	225035	131297	516823	126845	
104	219068	131571	521241	128120	
105	216659	129263	523383	130695	
106	215437	130567	522003	131993	
107	213215	132897	522698	131190	
108	209864	133254	524298	132584	
109	208964	132217	525981	132838	
110	206673	133808	528935	130584	
111	201782	134136	532176	131906	
112	200362	132000	533415	134223	
113	199954	133266	532161	134619	
114	198191	135035	533210	133564	
115	196508	133873	534437	135182	
116	197836	132475	534174	135515	
117	197837	134182	534649	133332	
118	195169	134637	535565	134629	
119	195936	132412	535167	136485	
120	197480	133599	533706	135215	
121	195297	136055	534830	133818	
122	193311	134443	536703	135543	
123	194626	132894	536509	135971	
124	194795	134438	536991	133776	
125	192599	134678	537830	134893	
126	193657	132474	536453	137416	
127	196135	133537	534484	135844	
128	194560	136056	535127	134257	
129	192907	134571	536745	135777	
130	194405	133004	536638	135953	
131	194409	134614	537168	133809	
132	192156	134729	538245	134870	
133	193108	132572	536918	137402	
134	195538	133622	534919	135921	
135	194007	136091	535537	134365	
136	192372	134610	537014	136004	
137	193954	133044	536895	136107	
138	194013	134660	537367	133960	
139	191874	134766	538405	134955	
140	192861	132656	537080	137403	
141	195249	133639	535126	135986	
142	193857	136014	535721	134408	
143	192299	134625	537075	136001	
144	193888	133055	536934	136123	
145	193984	134629	537333	134054	
146	191997	134701	538323	134979	
147	192966	132689	537010	137335	
148	195289	133637	535074	136000	
149	193903	135956	535656	134485	
150	192514	134540	536983	135963	
151	193977	133139	536822	136062	
152	194181	134581	537272	133966	
153	192063	134771	538216	134950	
154	192995	132693	537031	137281	
155	195344	133616	535184	135856	
156	193927	135925	535661	134487	
157	192629	134491	537005	135875	
158	193993	133199	536725	136083	
159	194205	134514	537231	134050	
160	192239	134668	538129	134964	
161	193230	132677	536872	137221	
162	195468	133652	535058	135822	
163	194058	135858	535511	134573	
164	192859	134438	536855	135848	
165	194128	133207	536625	136040	
166	194378	134439	537155	134028	
167	192385	134666	537942	135007	
168	193410	132624	536750	137216	
169	195674	133603	534936	135787	
170	194336	135785	535332	134547	
171	193212	134270	536678	135840	
172	194795	132890	536282	136033	
173	195363	134108	536548	133981	
174	193691	134289	537053	134967	
175	195085	132223	535557	137135	
176	197587	133230	533510	135673	
177	196716	135236	533850	134198	
178	195713	133852	534978	135457	
179	197488	132296	534541	135675	
180	198200	133591	534614	133595	
181	196449	133979	534975	134597	
182	197746	131995	533718	136541	
183	199940	132936	531861	135263	
184	199137	134708	532501	133654	
185	198004	133451	533618	134927	
186	199905	131695	533090	135310	
187	201007	132813	532790	133390	
188	200369	132710	532667	134254	
189	202766	130532	530669	136033	
190	206148	131198	527750	134904	
191	207034	132674	527253	133039	
192	207213	131507	527114	134166	
193	210605	129419	525911	134065	
194	212799	130550	524798	131853	
195	212929	130388	524150	132533	
196	215649	128420	521864	134067	
197	219340	129009	518777	132874	
198	220372	130581	518367	130680	
199	219990	129739	518398	131873	
200	222918	127655	517749	131678	
201	224496	128772	516984	129748	
202	223908	129005	516747	130340	
203	225284	127693	515171	131852	
204	226800	129039	513125	131036	
205	225892	130641	514509	128958	
206	223747	129869	516378	130006	
207	225487	126946	517242	130325	
208	226581	127958	516495	128966	
209	226120	128101	515414	130365	
210	228355	126825	512874	131946	
211	230947	128101	509830	131122	
212	231127	129603	510985	128285	
213	229399	128719	512630	129252	
214	231431	125877	513248	129444	
215	232433	127112	512300	128155	
216	232238	127090	511311	129361	
217	234343	125954	508798	130905	
218	236448	127485	506033	130034	
219	236335	128933	507641	127091	
220	233862	128291	509462	128385	
221	235468	125514	510663	128355	
222	235530	127075	510223	127172	
223	233924	127520	509813	128743	
224	234858	126483	508400	130259	
225	235424	128400	506592	129584	
226	233373	130371	509478	126778	
227	228853	130045	512774	128328	
228	227919	128036	515299	128746	
229	225777	129581	516852	127790	
230	223748	128579	518033	129640	
231	224728	127370	516241	131661	
232	226431	128600	513566	131403	
233	226245	130317	514130	129308	
234	224385	129822	514866	130927	
235	225541	128425	516109	129925	
236	223562	130538	517164	128736	
237	221197	129832	519102	129869	
238	221001	128824	518617	131558	
239	220946	130231	517619	131204	
240	219270	131554	519425	129751	
241	216224	131473	520441	131862	
242	217181	129560	522082	131177	
243	215655	131353	522818	130174	
244	214019	130514	523940	131527	
245	214842	129403	522900	132855	
246	215675	130674	520830	132821	
247	215213	131901	521944	130942	
248	212556	132276	522492	132676	
249	213707	130118	524254	131921	
250	212043	132230	524969	130758	
251	209697	131846	526525	131932	
252	209183	131175	526470	133172	
253	208533	132554	525369	133544	
254	206784	133928	527805	131483	
255	201849	135057	529503	133591	
256	203142	130930	532714	133214	
257	202359	132767	532469	132405	
258	201174	132252	532682	133892	
259	202418	131281	531006	135295	
260	203803	132604	527230	136363	
261	204693	134159	528904	132244	
262	200016	135527	530296	134161	
263	201145	131701	533571	133583	
264	199697	133667	533991	132645	
265	197862	133146	535054	133938	
266	198312	132066	534041	135581	
267	199484	133093	530580	136843	
268	200234	134678	531972	133116	
269	196118	135862	532983	135037	
270	197668	132112	535699	134521	
271	196744	134122	535745	133389	
272	195170	133686	536774	134370	
273	195471	132697	535782	136050	
274	196748	133471	532617	137164	
275	197372	135131	533976	133521	
276	193462	136034	534985	135519	
277	195447	132138	537333	135082	
278	194985	134216	536774	134025	
279	193820	133859	537519	134802	
280	194326	132922	536247	136505	
281	195742	133712	533135	137411	
282	196227	135555	534709	133509	
283	191857	136571	536048	135524	
284	193895	132189	538760	135156	
285	193557	134156	538027	134260	
286	192713	133759	538471	135057	
287	193473	132913	536675	136939	
288	195461	133626	533017	137896	
289	196483	135564	534454	133499	
290	192189	136517	535862	135432	
291	194074	132207	538620	135099	
292	193778	134031	537914	134277	
293	193066	133634	538319	134981	
294	193889	132804	536389	136918	
295	195918	133520	532676	137886	
296	196895	135556	533989	133560	
297	192634	136502	535514	135350	
298	194432	132230	538382	134956	
299	194200	133927	537808	134065	
300	193345	133601	538215	134839	
301	194189	132704	536260	136847	
302	196220	133430	532462	137888	
303	197301	135395	533662	133642	
304	193181	136453	535130	135236	
305	194673	132394	537982	134951	
306	194442	133883	537672	134003	
307	193471	133690	538125	134714	
308	194053	132841	536420	136686	
309	195858	133485	532808	137849	
310	196938	135407	533899	133756	
311	192861	136473	535423	135243	
312	194394	132395	538206	135005	
313	194099	133935	537760	134206	
314	193312	133658	538210	134820	
315	193969	132867	536461	136703	
316	195797	133496	532855	137852	
317	197072	135250	533956	133722	
318	192947	136548	535271	135234	
319	194432	132454	538161	134953	
320	194057	133925	537748	134270	
321	193386	133593	538177	134844	
322	193937	132984	536520	136559	
323	195555	133572	532956	137917	
324	196940	135183	534074	133803	
325	192803	136581	535332	135284	
326	194323	132464	538320	134893	
327	193950	133913	537800	134337	
328	193358	133552	538141	134949	
329	193960	132968	536510	136562	
330	195616	133548	532897	137939	
331	197015	135181	533981	133823	
332	192911	136665	535249	135175	
333	194127	132589	538362	134922	
334	193924	133847	537983	134246	
335	193197	133654	538282	134867	
336	193690	133010	536755	136545	
337	195348	133490	533100	138062	
338	196817	135198	534001	133984	
339	192722	136716	535352	135210	
340	193876	132673	538414	135037	
341	193734	133876	538077	134313	
342	192926	133760	538463	134851	
343	193437	133014	537025	136524	
344	195049	133535	533323	138093	
345	196613	135134	534185	134068	
346	192651	136687	535443	135219	
347	193777	132778	538370	135075	
348	193559	133882	538134	134425	
349	193063	133631	538481	134825	
350	193381	133106	536978	136535	
351	195063	133499	533397	138041	
352	196598	135138	534118	134146	
353	192688	136688	535374	135250	
354	193745	132806	538431	135018	
355	193593	133817	538131	134459	
356	193035	133672	538449	134844	
357	193404	133111	536983	136502	
358	195046	133469	533406	138079	
359	196601	135139	534069	134191	
360	192848	136663	535391	135098	
361	193740	132858	538382	135020	
362	193603	133774	538129	134494	
363	193099	133680	538434	134787	
364	193326	133200	536975	136499	
365	194970	133439	533512	138079	
366	196577	135066	534093	134264	
367	192829	136667	535385	135119	
368	193680	132933	538372	135015	
369	193557	133783	538105	134555	
370	193096	133674	538449	134781	
371	193286	133255	537057	136402	
372	194853	133434	533645	138068	
373	196573	134961	534146	134320	
374	192857	136698	535324	135121	
375	193670	132967	538348	135015	
376	193528	133786	538060	134626	
377	193096	133651	538412	134841	
378	193383	133236	537102	136279	
379	194765	133523	533640	138072	
380	196452	134934	534196	134418	
381	192962	136590	535344	135104	
382	193592	133124	538283	135001	
383	193439	133747	538171	134643	
384	193074	133605	538395	134926	
385	193420	133228	537066	136286	
386	194742	133567	533704	137987	
387	196493	134880	534147	134480	
388	193050	136576	535280	135094	
389	193693	133158	538251	134898	
390	193379	133847	538181	134593	
391	193208	133459	538461	134872	
392	193483	133265	537040	136212	
393	194828	133515	533729	137928	
394	196529	134804	534086	134581	
395	193264	136530	535043	135163	
396	193892	133237	538114	134757	
397	193479	133844	538086	134591	
398	193272	133424	538415	134889	
399	193535	133239	537035	136191	
400	194841	133482	533744	137933	
401	196603	134746	533989	134662	
402	193441	136496	534891	135172	
403	193960	133294	537963	134783	
404	193605	133784	538018	134593	
405	193395	133424	538320	134861	
406	193786	133189	536998	136027	
407	194859	133525	533691	137925	
408	196914	134469	533922	134695	
409	193842	136421	534607	135130	
410	194462	133147	537604	134787	
411	194499	133371	537562	134568	
412	194788	132903	537408	134901	
413	195872	132428	535842	135858	
414	197932	132443	531849	137776	
415	201150	133169	531145	134536	
416	199672	134721	530943	134664	
417	201706	131291	532761	134242	
418	203350	131280	531624	133746	
419	204989	130742	530461	133808	
420	206934	130506	528034	134526	
421	209278	130867	523819	136036	
422	212104	131856	523395	132645	
423	209733	133638	523971	132658	
424	210483	130605	526867	132045	
425	210354	130849	526966	131831	
426	210622	130205	526948	132225	
427	212106	129461	525297	133136	
428	214255	129653	521120	134972	
429	217812	130080	520168	131940	
430	216770	131644	519399	132187	
431	218610	129028	520838	131524	
432	219108	129728	520405	130759	
433	218888	129675	520480	130957	
434	219572	128991	520075	131362	
435	220136	129477	517422	132965	
436	221942	129826	517871	130361	
437	219314	131689	517969	131028	
438	219510	129513	519983	130994	
439	218478	130734	520505	130283	
440	216377	131107	521762	130754	
441	215558	130227	523043	131172	
442	215239	130212	521581	132968	
443	216046	130796	522280	130878	
444	212983	132641	522342	132034	
445	213577	130083	523876	132464	
446	213850	130886	523732	131532	
447	212994	131034	524406	131566	
448	212727	130558	524644	132071	
449	212436	131054	522561	133949	
450	213625	131457	523532	131386	
451	210451	133222	524103	132224	
452	211219	130081	526291	132409	
453	211522	130804	525814	131860	
454	210878	131142	525564	132416	
455	211070	130919	525249	132762	
456	210799	131753	522946	134502	
457	211703	132291	524618	131388	
458	207750	134009	526105	132136	
459	207814	130695	528972	132519	
460	207752	131265	528748	132235	
461	206952	131756	528260	133032	
462	207214	131458	527725	133603	
463	207231	132207	525174	135388	
464	208653	132586	526686	132075	
465	204958	134444	528007	132591	
466	205003	131206	530695	133096	
467	204922	131869	530443	132766	
468	203905	132479	530105	133511	
469	203980	132046	529998	133976	
470	203869	132697	527600	135834	
471	205247	133122	529091	132540	
472	201350	135104	530344	133202	
473	201387	131826	532969	133818	
474	201262	132522	532749	133467	
475	200297	133107	532574	134022	
476	200104	132820	532559	134517	
477	199971	133306	530275	136448	
478	201149	133885	531755	133211	
479	197335	135698	533118	133849	
480	197377	132466	535709	134448	
481	197462	132994	535355	134189	
482	196771	133551	535043	134635	
483	196714	133337	534709	135240	
484	196860	133693	532348	137099	
485	198423	134207	533575	133795	
486	194797	136091	534788	134324	
487	194806	132979	537328	134887	
488	194949	133358	536970	134723	
489	194577	133806	536635	134982	
490	194724	133436	536234	135606	
491	195309	133707	533579	137405	
492	196895	134459	534307	134339	
493	193797	136164	535408	134631	
494	193885	133208	537766	135141	
495	194264	133413	537538	134785	
496	193763	133907	537244	135086	
497	193968	133537	536692	135803	
498	194557	133871	534065	137507	
499	196211	134492	534728	134569	
500	193262	136185	535807	134746	
501	193431	133206	538085	135278	
502	193981	133352	537754	134913	
503	193709	133883	537235	135173	
504	193802	133729	536626	135843	
505	194265	133957	534170	137608	
506	196073	134380	534921	134626	
507	193335	136080	535949	134636	
508	193423	133240	538146	135191	
509	194045	133214	537657	135084	
510	194139	133625	536914	135322	
511	194850	133296	536159	135695	
512	195632	133547	533375	137446	
513	197915	133761	533682	134642	
514	195670	135553	534229	134548	
515	196149	132678	536157	135016	
516	197269	132578	535539	134614	
517	197263	133238	534570	134929	
518	197974	132861	534047	135118	
519	198642	133083	531355	136920	
520	200881	133309	531760	134050	
521	198599	135018	532491	133892	
522	198881	132254	534271	134594	
523	200148	132009	533664	134179	
524	200144	132770	532590	134496	
525	201206	132108	532051	134635	
526	201967	132592	529141	136300	
527	204181	132759	529479	133581	
528	201968	134453	530229	133350	
529	202169	131830	531912	134089	
530	203348	131605	531634	133413	
531	202656	132763	530647	133934	
532	203247	132056	530651	134046	
533	203343	132556	528254	135847	
534	205090	132641	528980	133289	
535	203042	134082	530016	132860	
536	202880	131664	531335	134121	
537	204751	130905	530943	133401	
538	204486	132299	529292	133923	
539	205310	131765	528950	133975	
540	205546	132404	526633	135417	
541	206901	132720	527373	133006	
542	204383	134180	529188	132249	
543	203501	131823	531069	133607	
544	204504	131242	531127	133127	
545	203652	132682	529965	133701	
546	203816	132249	529927	134008	
547	203676	132799	527996	135529	
548	204808	132995	528972	133225	
549	202324	134356	530725	132595	
550	200585	133028	532399	133988	
551	201353	131863	533178	133606	
552	200368	133205	532242	134185	
553	200486	132744	532452	134318	
554	200198	133289	530840	135673	
555	201112	133384	531101	134403	
556	199540	134644	532622	133194	
557	197445	133966	534061	134528	
558	197739	132951	535283	134027	
559	196035	134331	534945	134689	
560	195860	133544	535892	134704	
561	195532	133646	534792	136030	
562	196618	133599	534472	135311	
563	195630	134963	535120	134287	
564	194455	134159	535752	135634	
565	195359	133362	536367	134912	
566	194305	134604	536083	135008	
567	194151	133865	537088	134896	
568	194037	133666	535990	136307	
569	195397	133593	535497	135513	
570	194542	134995	535728	134735	
571	193722	134205	536119	135954	
572	194796	133500	536459	135245	
573	194012	134685	536293	135010	
574	193644	134015	537385	134956	
575	193516	133709	536405	136370	
576	194936	133557	535909	135598	
577	194191	134985	535966	134858	
578	193515	134183	536266	136036	
579	194734	133416	536434	135416	
580	194231	134615	536141	135013	
581	193810	134124	537199	134867	
582	193711	133640	536338	136311	
583	195122	133526	535795	135557	
584	194533	134870	535905	134692	
585	193631	134215	536160	135994	
586	194957	133274	536251	135518	
587	194535	134592	535885	134988	
588	194014	134146	536951	134889	
589	193850	133713	536227	136210	
590	195152	133515	535725	135608	
591	194584	134829	535966	134621	
592	193667	134186	536203	135944	
593	194969	133260	536243	135528	
594	194575	134545	535790	135090	
595	194124	134205	536820	134851	
596	193924	133708	536196	136172	
597	195255	133514	535718	135513	
598	194616	134825	535972	134587	
599	193636	134190	536252	135922	
600	195100	133158	536237	135505	
601	194642	134585	535687	135086	
602	194231	134110	536758	134901	
603	194129	133676	536043	136152	
604	195352	133564	535529	135555	
605	194786	134775	535935	134504	
606	193646	134282	536125	135947	
607	195128	133107	536297	135468	
608	194688	134572	535728	135012	
609	194158	134180	536736	134926	
610	194149	133661	536141	136049	
611	195212	133644	535520	135624	
612	194724	134739	536057	134480	
613	193683	134228	536224	135865	
614	195053	133168	536272	135507	
615	194763	134506	535779	134952	
616	194066	134302	536641	134991	
617	194101	133618	536204	136077	
618	195284	133597	535594	135525	
619	194588	134831	536023	134558	
620	193689	134139	536348	135824	
621	194871	133341	536185	135603	
622	194600	134484	535908	135008	
623	193896	134319	536795	134990	
624	193938	133592	536283	136187	
625	195117	133648	535736	135499	
626	194302	134913	536043	134742	
627	193606	134099	536472	135823	
628	194699	133387	536252	135662	
629	194548	134464	536047	134941	
630	193800	134263	536863	135074	
631	194178	133424	536213	136185	
632	195266	133748	535538	135448	
633	194481	134831	535899	134789	
634	193840	134040	536266	135854	
635	194949	133370	536043	135638	
636	194876	134369	535989	134766	
637	194007	134343	536610	135040	
638	194172	133518	536122	136188	
639	195313	133659	535600	135428	
640	194641	134795	535889	134675	
641	193744	134262	536315	135679	
642	194763	133349	536234	135654	
643	194753	134303	536065	134879	
644	193982	134391	536709	134918	
645	193970	133646	536305	136079	
646	194965	133640	535689	135706	
647	194720	134608	535980	134692	
648	193596	134492	536285	135627	
649	194401	133414	536386	135799	
650	194615	134254	536154	134977	
651	193766	134507	536768	134959	
652	193748	133673	536667	135912	
653	194631	133672	535848	135849	
654	194608	134541	536106	134745	
655	193490	134508	536393	135609	
656	194358	133347	536394	135901	
657	194724	134096	536068	135112	
658	194040	134412	536492	135056	
659	194007	133728	536363	135902	
660	194872	133655	535583	135890	
661	194850	134520	535891	134739	
662	193690	134556	536315	135439	
663	194395	133331	536459	135815	
664	194898	134034	536062	135006	
665	193927	134577	536441	135055	
666	194016	133664	536498	135822	
667	194623	133785	535606	135986	
668	194780	134502	536060	134658	
669	193370	134695	536528	135407	
670	194064	133289	536646	136001	
671	194671	133994	536271	135064	
672	193775	134637	536480	135108	
673	193752	133741	536615	135892	
674	194581	133716	535661	136042	
675	194808	134505	536088	134599	
676	193267	134767	536599	135367	
677	194070	133226	536729	135975	
678	194671	133964	536214	135151	
679	193831	134586	536462	135121	
680	193843	133669	536543	135945	
681	194737	133615	535445	136203	
682	195110	134496	535834	134560	
683	193467	134821	536366	135346	
684	194294	133137	536601	135968	
685	194960	133961	536069	135010	
686	193918	134638	536415	135029	
687	193981	133631	536557	135831	
688	194809	133622	535367	136202	
689	195171	134487	535852	134490	
690	193502	134787	536378	135333	
691	194261	133146	536527	136066	
692	195076	133927	536042	134955	
693	194125	134610	536347	134918	
694	193986	133662	536470	135882	
695	195036	133513	535345	136106	
696	195172	134574	535712	134542	
697	193778	134647	536359	135216	
698	194325	133310	536396	135969	
699	195115	133827	536044	135014	
700	194239	134505	536358	134898	
701	194213	133560	536289	135938	
702	195404	133393	535202	136001	
703	195613	134450	535285	134652	
704	194403	134512	535908	135177	
705	195092	133156	535915	135837	
706	195845	133668	535511	134976	
707	195146	134282	535786	134786	
708	195256	133324	535618	135802	
709	196505	133196	534430	135869	
710	196773	134201	534470	134556	
711	195550	134366	535003	135081	
712	196237	133041	535087	135635	
713	196936	133586	534804	134674	
714	196046	134182	535194	134578	
715	195998	133251	535175	135576	
716	196985	133217	534060	135738	
717	197130	134186	534236	134448	
718	195892	134316	534836	134956	
719	196559	132975	534970	135496	
720	197263	133445	534694	134598	
721	196684	133884	534922	134510	
722	196928	132966	534620	135486	
723	198200	132878	533270	135652	
724	198612	133895	533173	134320	
725	197388	134208	533623	134781	
726	197865	132951	533947	135237	
727	198406	133356	533932	134306	
728	197738	133679	534410	134173	
729	197756	132833	534194	135217	
730	198968	132649	532819	135564	
731	199709	133467	532517	134307	
732	198757	133920	532628	134695	
733	199429	132663	532869	135039	
734	200176	133002	532699	134123	
735	199397	133514	533052	134037	
736	199827	132334	533099	134740	
737	200610	132617	531513	135260	
738	201141	133349	531467	134043	
739	199866	133981	531814	134339	
740	200018	132831	532281	134870	
741	200507	133094	532778	133621	
742	198962	133746	533255	134037	
743	198987	132621	533652	134740	
744	199348	133068	532292	135292	
745	199283	133945	532529	134243	
746	197846	134396	533380	134378	
747	197417	133440	534030	135113	
748	197811	133441	534849	133899	
749	196251	134133	535222	134394	
750	196304	132961	535410	135325	
751	196905	133357	533975	135763	
752	196932	134314	533892	134862	
753	195720	134726	534765	134789	
754	195351	133837	535358	135454	
755	195768	133724	536234	134274	
756	194473	134265	536601	134661	
757	194800	132984	536552	135664	
758	195757	133346	534810	136087	
759	196211	134322	534319	135148	
760	195166	134812	534917	135105	
761	194992	133963	535464	135581	
762	195330	133906	536443	134321	
763	193834	134480	537003	134683	
764	194052	133139	537161	135648	
765	195027	133352	535488	136133	
766	195414	134386	534877	135323	
767	194656	134718	535357	135269	
768	194532	134001	535595	135872	
769	195130	133894	536457	134519	
770	193830	134443	536999	134728	
771	194247	132926	537056	135771	
772	195578	133050	535264	136108	
773	196502	133869	534313	135316	
774	196088	134372	534288	135252	
775	196346	133728	534217	135709	
776	196805	133892	535019	134284	
777	195431	134261	535861	134447	
778	195633	132915	536253	135199	
779	196361	133153	534796	135690	
780	196771	133922	534221	135086	
781	196114	134318	534251	135317	
782	196414	133619	534308	135659	
783	196879	133813	535012	134296	
784	195479	134375	535672	134474	
785	195593	132989	536125	135293	
786	196318	133207	534796	135679	
787	196619	134016	534384	134981	
788	195934	134331	534587	135148	
789	195886	133802	534543	135769	
790	196461	133803	535356	134380	
791	194924	134556	535952	134568	
792	194890	133324	536492	135294	
793	195357	133527	535485	135631	
794	195338	134260	535210	135192	
795	194742	134498	535667	135093	
796	194545	133971	535609	135875	
797	195188	133893	536256	134663	
798	193787	134656	536622	134935	
799	193966	133428	537018	135588	
800	194521	133643	535948	135888	
801	194685	134384	535620	135311	
802	193987	134606	536111	135296	
803	194050	133931	536061	135958	
804	194569	134022	536564	134845	
805	193575	134499	536943	134983	
806	193769	133457	537058	135716	
807	194463	133630	535909	135998	
808	194784	134358	535608	135250	
809	194108	134625	535944	135323	
810	194158	133907	536070	135865	
811	194728	133966	536520	134786	
812	193575	134559	536856	135010	
813	193837	133439	537057	135667	
814	194461	133733	535871	135935	
815	194733	134328	535697	135242	
816	193999	134637	536059	135305	
817	194052	133891	536137	135920	
818	194687	133939	536589	134785	
819	193573	134573	536795	135059	
820	193787	133492	537040	135681	
821	194341	133737	535895	136027	
822	194762	134240	535741	135257	
823	194022	134708	536042	135228	
824	193882	133996	536177	135945	
825	194608	133850	536681	134861	
826	193528	134602	536794	135076	
827	193765	133478	537156	135601	
828	194360	133620	535926	136094	
829	194911	134195	535550	135344	
830	194082	134781	535895	135242	
831	194005	134002	536074	135919	
832	194740	133884	536598	134778	
833	193513	134672	536862	134953	
834	193680	133422	537339	135559	
835	194241	133594	535980	136185	
836	194962	134113	535572	135353	
837	194135	134852	535801	135212	
838	193945	134031	535981	136043	
839	194773	133895	536590	134742	
840	193361	134777	536891	134971	
841	193674	133338	537555	135433	
842	194167	133606	536041	136186	
843	194923	134061	535616	135400	
844	194140	134806	535782	135272	
845	194150	133883	535811	136156	
846	195329	133604	536356	134711	
847	194307	134377	536354	134962	
848	195150	132733	536670	135447	
849	196408	132786	534597	136209	
850	198138	133139	533500	135223	
851	197909	134056	533035	135000	
852	198379	133204	532714	135703	
853	199457	133311	533185	134047	
854	197946	134204	533710	134140	
855	198000	132713	534775	134512	
856	198281	132940	533432	135347	
857	198842	133426	533168	134564	
858	197960	134105	533283	134652	
859	197910	133312	533184	135594	
860	198828	133304	533783	134085	
861	197303	134284	534147	134266	
862	197179	132942	535005	134874	
863	197698	133014	533842	135446	
864	198276	133542	533544	134638	
865	197287	134257	533782	134674	
866	197380	133229	533755	135636	
867	198436	133286	534042	134236	
868	196975	134348	534314	134363	
869	196946	133031	535120	134903	
870	197274	133246	533894	135586	
871	197798	133693	533911	134598	
872	196577	134494	534318	134611	
873	196391	133444	534464	135701	
874	197407	133301	534877	134415	
875	195913	134502	534932	134653	
876	196018	133187	535741	135054	
877	196474	133279	534434	135813	
878	197135	133793	534269	134803	
879	196051	134541	534761	134647	
880	195865	133458	534800	135877	
881	197078	133282	535071	134569	
882	195653	134576	535074	134697	
883	195849	133129	535857	135165	
884	196262	133412	534445	135881	
885	196848	133937	534399	134816	
886	195719	134610	535054	134617	
887	195258	133673	535088	135981	
888	196552	133385	535632	134431	
889	194794	134831	535605	134770	
890	194960	133286	536499	135255	
891	195266	133626	535175	135933	
892	195790	134008	535128	135074	
893	194805	134660	535751	134784	
894	194509	133726	535580	136185	
895	195827	133499	536020	134654	
896	194320	134832	535893	134955	
897	194547	133394	536717	135342	
898	194700	133752	535451	136097	
899	195498	133942	535477	135083	
900	194514	134681	535920	134885	
901	194362	133723	535769	136146	
902	195598	133603	536098	134701	
903	194017	134909	535949	135125	
904	194449	133362	536916	135273	
905	194620	133760	535597	136023	
906	195455	133848	535634	135063	
907	194605	134586	535879	134930	
908	194615	133591	535556	136238	
909	195955	133478	535785	134782	
910	194679	134699	535503	135119	
911	195169	133283	536354	135194	
912	195504	133491	535051	135954	
913	196577	133559	534951	134913	
914	195798	134351	535032	134819	
915	195944	133285	534684	136087	
916	197328	133316	534686	134670	
917	196022	134612	534511	134855	
918	196218	133240	535564	134978	
919	196440	133400	534453	135707	
920	197180	133579	534568	134673	
921	196123	134366	534831	134680	
922	196094	133354	534585	135967	
923	197482	133221	534699	134598	
924	196133	134577	534520	134770	
925	196358	133189	535518	134935	
926	196557	133341	534341	135761	
927	197458	133479	534328	134735	
928	196537	134319	534586	134558	
929	196354	133446	534328	135872	
930	197485	133391	534585	134539	
931	196210	134521	534635	134634	
932	196218	133217	535677	134888	
933	196591	133199	534575	135635	
934	197383	133514	534328	134775	
935	196671	134170	534451	134708	
936	196666	133339	534100	135895	
937	198152	133068	534222	134558	
938	197090	134320	534091	134499	
939	197210	133010	534897	134883	
940	197747	132971	533737	135545	
941	198566	133364	533369	134701	
942	197824	134117	533665	134394	
943	197283	133577	533462	135678	
944	198394	133216	534029	134361	
945	196971	134478	534274	134277	
946	196857	133069	535388	134686	
947	197008	133159	534340	135493	
948	197772	133319	533922	134987	
949	197188	134250	534025	134537	
950	196541	133853	533797	135809	
951	197206	133810	534581	134403	
952	195585	134709	535232	134474	
953	195138	133592	536622	134648	
954	194889	133533	535964	135614	
955	195595	133579	535644	135182	
956	195067	134420	535413	135100	
957	194891	133936	535124	136049	
958	195759	133829	535468	134944	
959	194620	134732	535764	134884	
960	194603	133635	536917	134845	
961	194445	133710	536132	135713	
962	195262	133568	535906	135264	
963	194707	134420	535645	135228	
964	194766	133816	535333	136085	
965	195712	133755	535514	135019	
966	194755	134649	535559	135037	
967	194733	133698	536640	134929	
968	194584	133708	535918	135790	
969	195430	133595	535810	135165	
970	194789	134436	535650	135125	
971	194822	133752	535437	135989	
972	195688	133757	535491	135064	
973	194735	134653	535540	135072	
974	194534	133906	536598	134962	
975	194305	133852	536068	135775	
976	195050	133636	536168	135146	
977	194458	134460	536047	135035	
978	194248	133859	535854	136039	
979	195355	133559	535807	135279	
980	194723	134577	535514	135186	
981	194651	133870	536455	135024	
982	194591	133727	535865	135817	
983	195191	133873	535733	135203	
984	194548	134520	536047	134885	
985	194226	133866	535990	135918	
986	195333	133436	535986	135245	
987	194793	134405	535695	135107	
988	194866	133647	536227	135260	
989	195418	133381	535354	135847	
990	196289	133571	534869	135271	
991	196213	134017	535004	134766	
992	196112	133543	534616	135729	
993	197279	133211	534512	134998	
994	196833	134068	534342	134757	
995	196833	133416	534839	134912	
996	197063	133339	534238	135360	
997	197329	133714	534034	134923	
998	196972	133978	534537	134513	
999	196318	133813	534447	135422	
1000	196904	133468	534844	134784	
1001	195848	134443	534973	134736	
1002	195533	133675	535702	135090	
1003	195851	133375	535399	135375	
1004	196130	133701	534961	135208	
1005	196048	133951	535194	134807	
1006	195547	133938	534702	135813	
1007	196499	133523	534965	135013	
1008	195611	134519	535113	134757	
1009	195281	133774	535931	135014	
1010	195288	133673	535754	135285	
1011	195466	133717	535489	135328	
1012	195380	133986	535683	134951	
1013	194914	133996	535150	135940	
1014	195898	133628	535372	135102	
1015	194960	134675	535327	135038	
1016	194859	133746	536285	135110	
1017	194952	133718	536045	135285	
1018	195008	133825	535767	135400	
1019	195119	133927	535964	134990	
1020	194742	133994	535216	136048	
1021	195774	133682	535464	135080	
1022	194717	134747	535428	135108	
1023	194688	133768	536350	135194	
1024	194765	133738	536191	135306	
1025	194923	133804	535935	135338	
1026	194822	134064	536057	135057	
1027	194396	134083	535374	136147	
1028	195543	133627	535689	135141	
1029	194667	134694	535578	135061	
1030	194425	133936	536468	135171	
1031	194480	133761	536340	135419	
1032	194600	133918	536018	135464	
1033	194603	134090	536309	134998	
1034	194115	134116	535705	136064	
1035	195104	133677	535885	135334	
1036	194469	134605	535801	135125	
1037	194275	133992	536488	135245	
1038	194439	133724	536390	135447	
1039	194579	133894	535998	135529	
1040	194775	133977	536215	135033	
1041	194269	134166	535587	135978	
1042	195265	133617	535761	135357	
1043	194763	134561	535654	135022	
1044	194412	134039	536321	135228	
1045	194544	133655	536383	135418	
1046	194779	133802	535872	135547	
1047	194955	134028	536057	134960	
1048	194351	134222	535524	135903	
1049	195180	133698	535707	135415	