%Iteration	Healthy	Infected_1	Infected_2	Dead	
%pHIV=	[5, 1000]	; pINF=	[1, 100000]	

0	995241	4759	0	0	
1	914948	80293	4759	0	
2	655497	259451	85052	0	
3	326223	329274	344503	0	
4	128659	197564	673777	0	
5	70037	58622	871341	0	
6	60312	9725	925204	4759	
7	63734	1286	854636	80344	
8	143047	219	596471	260263	
9	400701	19	267416	331864	
10	729086	136	69871	200907	
11	927456	517	11385	60642	
12	986345	1162	2177	10316	
13	994459	2098	2053	1390	
14	992561	3279	3932	228	
15	988154	4632	7192	22	
16	982011	6165	11688	136	
17	974269	7877	17336	518	
18	965086	9694	24051	1169	
19	954738	11505	31647	2110	
20	943371	13460	39873	3296	
21	931050	15584	48701	4665	
22	918144	17518	58120	6218	
23	904465	19838	67761	7936	
24	890473	21854	77905	9768	
25	876217	23916	88254	11613	
26	861407	26301	98710	13582	
27	846647	28189	109427	15737	
28	832713	29520	120098	17669	
29	818950	31257	129780	20013	
30	805747	33022	139183	22048	
31	792725	34864	148289	24122	
32	780109	36492	156852	26547	
33	768600	37780	165155	28465	
34	759288	37473	173415	29824	
35	751624	37194	179631	31551	
36	745124	37750	183803	33323	
37	739711	38422	186689	35178	
38	735542	39022	188619	36817	
39	734901	37125	189861	38113	
40	736454	36189	189513	37844	
41	737396	36507	188508	37589	
42	741051	33583	187265	38101	
43	744921	33845	182426	38808	
44	748874	34489	177249	39388	
45	754338	33502	174613	37547	
46	757070	34434	171926	36570	
47	760013	33271	169853	36863	
48	764536	31948	169541	33975	
49	766014	32135	167644	34207	
50	766489	33384	165290	34837	
51	767146	33807	165172	33875	
52	765553	35143	164545	34759	
53	764981	34962	166417	33640	
54	763304	35004	169431	32261	
55	760654	34571	172300	32475	
56	757444	35366	173487	33703	
57	755889	34886	175046	34179	
58	754170	35538	174789	35503	
59	754449	34872	175365	35314	
60	755319	34090	175233	35358	
61	757381	32941	174752	34926	
62	759314	32602	172327	35757	
63	762424	32294	170043	35239	
64	765634	31672	166799	35895	
65	769822	31339	163599	35240	
66	774034	30676	160848	34442	
67	777707	30418	158583	33292	
68	780673	29984	156399	32944	
69	783261	30060	154089	32590	
70	785171	30373	152477	31979	
71	785852	30994	151511	31643	
72	785164	32027	151829	30980	
73	782411	33427	153438	30724	
74	779061	33785	156881	30273	
75	774102	34914	160606	30378	
76	767887	36271	165147	30695	
77	760974	37330	170424	31272	
78	753547	38368	175727	32358	
79	746208	39387	180668	33737	
80	738871	40774	186270	34085	
81	730521	42106	192130	35243	
82	723825	41593	197965	36617	
83	718792	41288	202228	37692	
84	714799	41298	205148	38755	
85	711879	41322	207059	39740	
86	709571	41604	207607	41218	
87	708388	41991	207105	42516	
88	708326	42163	207503	42008	
89	708016	41855	208378	41751	
90	708747	40589	208935	41729	
91	712055	37989	208202	41754	
92	716786	36601	204587	42026	
93	722982	35352	199197	42469	
94	733848	31167	192386	42599	
95	747192	28815	181698	42295	
96	761776	27289	169924	41011	
97	775288	27041	159224	38447	
98	790203	23130	149664	37003	
99	803912	22940	137442	35706	
100	816776	22467	129215	31542	
101	824604	23428	122867	29101	
102	828861	24564	119006	27569	
103	830394	25778	116529	27299	
104	830046	27376	119177	23401	
105	824173	29045	123613	23169	
106	816351	30750	130191	22708	
107	805890	32944	137513	23653	
108	793926	35376	145893	24805	
109	780783	37719	155491	26007	
110	768386	38153	165834	27627	
111	755361	40360	174942	29337	
112	741984	42432	184552	31032	
113	728433	44260	194040	33267	
114	715807	45533	202924	35736	
115	704731	46446	210738	38085	
116	695375	47047	219031	38547	
117	686213	47325	225718	40744	
118	678591	47922	230611	42876	
119	672494	48543	234273	44690	
120	668763	47977	237283	45977	
121	665983	48291	238814	46912	
122	664040	48394	240058	47508	
123	662292	48788	241127	47793	
124	660349	49284	241993	48374	
125	664598	43616	242734	49052	
126	669858	43317	238373	48452	
127	674699	43140	233399	48762	
128	680252	42755	228145	48848	
129	688798	39835	222112	49255	
130	699769	37792	212663	49776	
131	712344	36699	206839	44118	
132	721351	34701	200221	43727	
133	733406	31219	191782	43593	
134	747509	29076	180246	43169	
135	761421	28834	169487	40258	
136	772479	28819	160529	38173	
137	782230	28007	152649	37114	
138	790779	28192	145955	35074	
139	797180	28340	142928	31552	
140	800313	28100	142192	29395	
141	803604	25810	141458	29128	
142	809301	23135	138449	29115	
143	814377	23738	133577	28308	
144	818420	23973	129123	28484	
145	821469	25186	124756	28589	
146	823182	26603	121842	28373	
147	823684	27628	122635	26053	
148	820185	29280	127128	23407	
149	812292	31072	132670	23966	
150	802953	33076	139769	24202	
151	792424	34501	147659	25416	
152	782624	34935	155557	26884	
153	773046	36184	162864	27906	
154	764826	35849	169768	29557	
155	759548	34552	174545	31355	
156	756349	34233	176021	33397	
157	756179	33234	175753	34834	
158	757625	33033	174052	35290	
159	760390	32169	170901	36540	
160	769324	27261	167221	36194	
161	777890	27250	159930	34930	
162	785078	27388	152947	34587	
163	791421	27880	147101	33598	
164	796909	27764	141948	33379	
165	801364	28572	137543	32521	
166	803982	29590	138854	27574	
167	800537	30736	141194	27533	
168	796061	31726	144542	27671	
169	790521	32939	148388	28152	
170	784233	34149	153563	28055	
171	781466	30567	159140	28827	
172	778707	31302	160117	29874	
173	776644	31644	160683	31029	
174	774921	32427	160601	32051	
175	775219	31443	160089	33249	
176	775952	32185	157383	34480	
177	777327	32775	159001	30897	
178	775480	32431	160474	31615	
179	775735	31079	161261	31925	
180	776706	30683	159913	32698	
181	778067	31011	159153	31769	
182	778873	30643	157979	32505	
183	779917	31169	155847	33067	
184	781216	31416	154585	32783	
185	781507	32193	154922	31378	
186	783662	28918	156432	30988	
187	785906	28412	154339	31343	
188	787762	29191	152108	30939	
189	788767	29622	150130	31481	
190	789901	30011	148336	31752	
191	790839	30480	146154	32527	
192	791579	31427	147716	29278	
193	788699	31859	150731	28711	
194	784924	32199	153399	29478	
195	781545	32577	155976	29902	
196	777840	33302	158542	30316	
197	774639	33191	161364	30806	
198	772355	32764	163128	31753	
199	771711	32107	164033	32149	
200	771174	32360	163941	32525	
201	770748	32657	163724	32871	
202	770951	32323	163079	33647	
203	771342	32892	162211	33555	
204	770991	33587	162339	33083	
205	769292	34440	163819	32449	
206	768239	33185	165899	32677	
207	766809	33774	166427	32990	
208	766841	32619	167878	32662	
209	766173	33020	167605	33202	
210	765252	33779	167038	33931	
211	764063	34775	166377	34785	
212	762442	36061	167967	33530	
213	758134	37511	170254	34101	
214	752764	39131	175146	32959	
215	745175	40195	181257	33373	
216	736460	41753	187673	34114	
217	727320	42934	194651	35095	
218	718792	43239	201524	36445	
219	710437	44449	207252	37862	
220	704666	43263	212570	39501	
221	700911	42821	215638	40630	
222	697589	43565	216706	42140	
223	694719	44563	217337	43381	
224	694946	42703	218661	43690	
225	694926	43276	216915	44883	
226	695356	44002	216928	43714	
227	693840	44772	218109	43279	
228	691395	45267	219316	44022	
229	692527	42469	220020	44984	
230	694850	42211	219786	43153	
231	695258	42309	218721	43712	
232	695974	42526	217028	44472	
233	697103	42919	214782	45196	
234	701119	40691	212434	45756	
235	705545	40870	210656	42929	
236	707000	41063	209315	42622	
237	710873	38320	208069	42738	
238	714190	38992	203863	42955	
239	720503	36188	199936	43373	
240	727575	35872	195433	41120	
241	732450	35833	190435	41282	
242	737160	36144	185205	41491	
243	742074	36160	183029	38737	
244	743784	36661	180197	39358	
245	746099	36647	180670	36584	
246	748033	34266	181445	36256	
247	749094	34842	179878	36186	
248	749731	35229	178576	36464	
249	749640	36184	177645	36531	
250	748470	37347	177168	37015	
251	746879	38218	177868	37035	
252	745360	38183	181820	34637	
253	741415	38261	185161	35163	
254	738547	37666	188193	35594	
255	735642	38124	189675	36559	
256	736528	35308	190452	37712	
257	738285	35573	187542	38600	
258	740154	36331	184932	38583	
259	741119	37231	183002	38648	
260	741116	38221	182567	38096	
261	740354	38448	182664	38534	
262	739087	39440	185804	35669	
263	733975	40449	189671	35905	
264	734949	34569	193789	36693	
265	736501	34794	191127	37578	
266	738611	35081	187700	38608	
267	742335	34523	184333	38809	
268	745903	34799	179416	39882	
269	753378	32008	173766	40848	
270	761679	32159	171205	34957	
271	763810	32482	168570	35138	
272	766569	32047	165971	35413	
273	769182	32444	163495	34879	
274	771046	32663	161140	35151	
275	772518	33330	161795	32357	
276	771144	33391	162966	32499	
277	770258	33061	163875	32806	
278	768661	34052	164889	32398	
279	765755	34974	166497	32774	
280	763634	34578	168808	32980	
281	760713	35572	170056	33659	
282	760925	33106	172237	33732	
283	760102	34220	172282	33396	
284	757641	35529	172450	34380	
285	754827	36840	173005	35328	
286	751259	38563	175267	34911	
287	746413	39396	178258	35933	
288	745992	36010	184548	33450	
289	743153	35963	186338	34546	
290	741562	35787	186772	35879	
291	740623	36454	185719	37204	
292	740373	37084	183610	38933	
293	741288	37630	181298	39784	
294	743167	37500	182918	36415	
295	740981	38271	184455	36293	
296	738712	38217	186939	36132	
297	737276	37224	188702	36798	
298	735831	37867	188842	37460	
299	734726	38198	189079	37997	
300	733440	38919	189777	37864	
301	731197	39723	190425	38655	
302	728892	40572	191931	38605	
303	726477	40618	195279	37626	
304	722554	41166	198030	38250	
305	719130	41295	200998	38577	
306	715585	41715	203374	39326	
307	717070	37441	205366	40123	
308	722358	34441	202235	40966	
309	728277	34652	196058	41013	
310	733858	35014	189544	41584	
311	742690	32307	183263	41740	
312	752696	31299	173855	42150	
313	763055	31398	167713	37834	
314	768404	32105	164670	34821	
315	769940	32965	162123	34972	
316	772948	31620	160074	35358	
317	775422	32514	159387	32677	
318	774696	33122	160602	31580	
319	771979	34020	162326	31675	
320	768190	35148	164241	32421	
321	766451	33865	166424	33260	
322	764561	34801	168669	31969	
323	761027	35166	170956	32851	
324	760873	32694	173000	33433	
325	761560	32400	171674	34366	
326	763517	32049	168926	35508	
327	766760	31855	167110	34275	
328	769124	31576	164164	35136	
329	773528	30391	160574	35507	
330	778304	30396	158271	33029	
331	781048	29939	156267	32746	
332	783089	30370	154157	32384	
333	784324	30825	152672	32179	
334	784797	31413	151921	31869	
335	784141	32191	152943	30725	
336	781374	33171	154738	30717	
337	777747	34038	157970	30245	
338	772623	35078	161638	30661	
339	768072	34899	165891	31138	
340	766046	32854	169377	31723	
341	763247	34200	170040	32513	
342	759952	35466	171069	33513	
343	761749	31360	172497	34394	
344	764359	31428	168779	35434	
345	767520	31887	165308	35285	
346	770183	32288	164341	33188	
347	770249	32770	162429	34552	
348	772254	32214	159733	35799	
349	776693	31031	160587	31689	
350	777448	30603	160190	31759	
351	778499	30366	158906	32229	
352	780139	30246	156984	32631	
353	782359	30050	154460	33131	
354	785600	29544	152296	32560	
355	788295	29529	150809	31367	
356	789915	29441	149735	30909	
357	792210	28349	148810	30631	
358	793825	28727	146913	30535	
359	795092	28987	145590	30331	
360	796898	28219	145033	29850	
361	797777	28682	143723	29818	
362	797894	29394	142964	29748	
363	797071	30295	144009	28625	
364	794513	30856	145577	29054	
365	791516	31742	147446	29296	
366	789161	31379	150969	28491	
367	785821	31549	153666	28964	
368	785069	29442	155821	29668	
369	784657	29756	154968	30619	
370	785733	29219	153868	31180	
371	788877	27731	151345	32047	
372	792115	28508	147697	31680	
373	794581	28897	144656	31866	
374	796759	29362	144111	29768	
375	795597	30644	143717	30042	
376	793428	31941	145142	29489	
377	789203	33425	149352	28020	
378	781917	35007	154269	28807	
379	776015	34432	160379	29174	
380	768950	35959	165449	29642	
381	761586	36687	170764	30963	
382	754028	38210	175510	32252	
383	746176	39796	180295	33733	
384	739482	40046	185084	35388	
385	736101	38434	190698	34767	
386	731974	38526	193173	36327	
387	729635	38293	195012	37060	
388	728188	38098	195095	38619	
389	728268	38169	193397	40166	
390	731881	36146	191520	40453	
391	735672	36252	189232	38844	
392	739832	34308	186958	38902	
393	744270	34099	182973	38658	
394	749119	33398	178974	38509	
395	757127	30150	174203	38520	
396	766380	28920	168207	36493	
397	775534	26965	160875	36626	
398	785781	26045	153532	34642	
399	796238	23873	145478	34411	
400	807112	23236	135953	33699	
401	817036	23430	129039	30495	
402	823990	23236	123549	29225	
403	829466	23454	119820	27260	
404	831666	24801	117229	26304	
405	831799	25921	118157	24123	
406	829789	25868	120842	23501	
407	826328	26756	123280	23636	
408	821442	28295	126800	23463	
409	814725	29946	131641	23688	
410	807174	31011	136786	25029	
411	799724	32225	141876	26175	
412	792554	33058	148233	26155	
413	784309	34165	154535	26991	
414	776255	34762	160405	28578	
415	769138	35417	165221	30224	
416	763215	35834	169627	31324	
417	758697	35538	173236	32529	
418	754881	36020	175716	33383	
419	751525	36429	177571	34475	
420	749166	36502	179238	35094	
421	747669	36258	180323	35750	
422	749622	33438	180747	36193	
423	752485	32967	178647	35901	
424	755004	33015	175594	36387	
425	758922	32103	172180	36795	
426	764011	31347	167781	36861	
427	770633	29812	162870	36685	
428	779096	27835	159244	33825	
429	785198	27366	154112	33324	
430	790856	27332	148463	33349	
431	797343	26531	143692	32434	
432	801947	27524	138876	31653	
433	804950	28339	136588	30123	
434	805482	29277	137092	28149	
435	802588	30785	139003	27624	
436	797798	32108	142456	27638	
437	792383	32764	148033	26820	
438	784662	34270	153273	27795	
439	776552	35660	159204	28584	
440	768512	36336	165587	29565	
441	759965	37820	171138	31077	
442	750983	39725	176850	32442	
443	741580	41487	183811	33122	
444	731375	43020	191028	34577	
445	721734	43881	198388	35997	
446	714102	43286	205933	36679	
447	707280	43144	211399	38177	
448	702971	42123	214818	40088	
449	703162	39501	215454	41883	
450	710243	34397	211935	43425	
451	720816	32410	202451	44323	
452	734119	30548	191575	43758	
453	749001	28438	178979	43582	
454	765593	26568	165294	42545	
455	784895	22826	152361	39918	
456	801948	22452	140790	34810	
457	814241	22176	130832	32751	
458	824361	22305	122460	30874	
459	833078	21863	116327	28732	
460	840447	21088	111622	26843	
461	844828	22198	109884	23090	
462	844153	23540	109630	22677	
463	842482	24118	110994	22406	
464	838925	25744	112807	22524	
465	834417	26801	116688	22094	
466	828536	27750	122401	21313	
467	820869	28749	127953	22429	
468	812864	30223	133162	23751	
469	805520	30858	139267	24355	
470	797614	32028	144381	25977	
471	790476	32860	149608	27056	
472	784382	32891	154718	28009	
473	778546	33570	158860	29024	
474	772309	34987	162207	30497	
475	765854	36688	166336	31122	
476	758555	38113	170996	32336	
477	751478	39078	176249	33195	
478	743661	40708	182436	33195	
479	735656	40863	189574	33907	
480	727503	41718	195450	35329	
481	719084	43392	200480	37044	
482	713028	42719	205759	38494	
483	706706	44469	209400	39425	
484	702733	42961	213161	41145	
485	701044	42410	215259	41287	
486	699397	42470	215951	42182	
487	701700	39470	215029	43801	
488	709172	35878	211780	43170	
489	716255	35630	203189	44926	
490	728434	32286	195858	43422	
491	741733	29722	185734	42811	
492	753954	30140	172986	42920	
493	765835	30604	163656	39905	
494	773546	31785	158382	36287	
495	776431	33008	154537	36024	
496	779101	32994	155259	32646	
497	777328	34115	158531	30026	
498	771665	35372	162506	30457	
499	765375	36411	167274	30940	
500	758687	37317	171900	32096	
501	752182	38293	176209	33316	
502	746425	38760	181508	33307	
503	741261	38109	186153	34477	
504	740454	34943	188890	35713	
505	742518	33305	187422	36755	
506	749699	29194	183410	37697	
507	759862	27130	174311	38697	
508	771829	26298	162681	39192	
509	785425	25242	150870	38463	
510	798462	25006	141169	35363	
511	809153	24313	132870	33664	
512	819752	22739	127989	29520	
513	826393	22571	123598	27438	
514	831062	22491	119871	26576	
515	836386	21002	117120	25492	
516	840257	21352	113116	25275	
517	843618	21645	110155	24582	
518	846002	21946	109061	22991	
519	846487	22276	108436	22801	
520	846422	22642	108221	22715	
521	846847	22067	109861	21225	
522	845705	22180	110576	21539	
523	846211	20807	111111	21871	
524	846901	20974	109972	22153	
525	847629	21202	108670	22499	
526	848445	21471	107230	22854	
527	849243	21818	106634	22305	
528	849241	22084	106272	22403	
529	849675	21740	107549	21036	
530	848858	21628	108315	21199	
531	848284	21565	108741	21410	
532	848353	21131	108835	21681	
533	849115	20708	108148	22029	
534	849900	21029	106772	22299	
535	850466	21511	106061	21962	
536	850705	21504	105944	21847	
537	850260	22088	105883	21769	
538	849267	22563	106840	21330	
539	849003	21381	108695	20921	
540	847767	21959	109047	21227	
541	846570	22198	109495	21737	
542	846041	22018	110189	21752	
543	845306	22298	110119	22277	
544	844147	23194	109854	22805	
545	842484	24262	111667	21587	
546	838735	25118	113970	22177	
547	834245	26437	116890	22428	
548	829005	27421	121309	22265	
549	822254	28780	126432	22534	
550	814091	30472	132018	23419	
551	804847	32424	138228	24501	
552	794567	34516	145534	25383	
553	782899	36794	153613	26694	
554	770064	39229	162986	27721	
555	756386	41091	173435	29088	
556	742768	42401	184054	30777	
557	730056	43183	194031	32730	
558	718322	44154	202698	34826	
559	707384	45415	210058	37143	
560	703227	40906	216244	39623	
561	700886	41610	216059	41445	
562	699267	42666	215268	42799	
563	699386	42233	214751	43630	
564	699272	43309	212830	44589	
565	699352	44089	210724	45835	
566	699373	45360	213907	41360	
567	693698	46577	217657	42068	
568	687828	47546	221568	43058	
569	681343	49119	226881	42657	
570	672978	50571	232691	43760	
571	664566	51697	239173	44564	
572	656572	52139	245510	45779	
573	650382	51496	251072	47050	
574	645681	51289	255022	48008	
575	644872	48361	257192	49575	
576	646039	47967	254982	51012	
577	648691	47893	251252	52164	
578	654033	46331	247006	52630	
579	661379	44794	241841	51986	
580	667893	44967	235346	51794	
581	674932	44233	231952	48883	
582	679102	44243	228218	48437	
583	682957	44088	224568	48387	
584	688378	42523	222325	46774	
585	691853	42783	220054	45310	
586	695217	41498	217870	45415	
587	701555	38614	215135	44696	
588	712018	33780	209506	44696	
589	723390	32844	199198	44568	
590	734100	33450	189519	42931	
591	742280	34317	180186	43217	
592	749793	35260	173005	41942	
593	754978	36326	169651	39045	
594	756295	37332	172197	34176	
595	751591	38544	176685	33180	
596	746577	37889	181779	33755	
597	741183	38810	185351	34656	
598	735715	39762	188901	35622	
599	730622	40386	192337	36655	
600	725303	41603	195391	37703	
601	724334	38220	198450	38996	
602	723786	39136	198781	38297	
603	724590	37071	199107	39232	
604	725414	38012	196416	40158	
605	726375	38833	194042	40750	
606	726840	39894	191272	41994	
607	727316	41079	192946	38659	
608	724379	41211	194889	39521	
609	722640	40854	199029	37477	
610	718822	40929	201871	38378	
611	720032	36784	203967	39217	
612	721763	37073	200857	40307	
613	724891	36777	196851	41481	
614	729599	36372	192417	41612	
615	734764	36071	187935	41230	
616	739582	36036	183077	41305	
617	744116	36335	182329	37220	
618	745579	35399	181591	37431	
619	752022	30584	180213	37181	
620	759780	29054	174425	36741	
621	770755	25425	167408	36412	
622	781464	25324	156797	36415	
623	792474	25006	145786	36734	
624	803739	25085	135393	35783	
625	815693	23482	129894	30931	
626	822616	23682	124322	29380	
627	827654	24042	122579	25725	
628	829023	24096	121297	25584	
629	830514	23830	120387	25269	
630	831065	24472	119132	25331	
631	830867	25283	120122	23728	
632	828108	26242	121723	23927	
633	824417	27360	123923	24300	
634	820335	28154	127187	24324	
635	815969	28432	131511	24088	
636	810537	29293	135471	24699	
637	804407	30576	139481	25536	
638	797738	31927	143815	26520	
639	790641	33367	148382	27610	
640	783055	34899	153595	28451	
641	774904	36312	160062	28722	
642	766403	36979	167081	29537	
643	757957	37659	173484	30900	
644	751738	36833	179216	32213	
645	746170	37476	182682	33672	
646	741339	38143	185259	35259	
647	740845	35397	187090	36668	
648	741828	35289	185508	37375	
649	743564	35278	183138	38020	
650	747330	33883	181583	37204	
651	751854	32314	177990	37842	
652	760042	29262	172161	38535	
653	769506	28653	166026	35815	
654	776369	28594	159390	35647	
655	782917	28727	152706	35650	
656	793105	25077	147550	34268	
657	801591	25429	140313	32667	
658	807829	26130	136480	29561	
659	810299	26805	133957	28939	
660	811005	27967	132168	28860	
661	812485	27117	131408	28990	
662	813043	28149	133448	25360	
663	808625	29526	136168	25681	
664	803192	30848	139564	26396	
665	796932	32383	143607	27078	
666	789686	34052	148023	28239	
667	781746	35870	154958	27426	
668	771509	37417	162679	28395	
669	762642	36975	170570	29813	
670	755296	36866	176697	31141	
671	752213	33920	181180	32687	
672	751018	33548	181048	34386	
673	751565	33501	178726	36208	
674	754332	33076	174810	37782	
675	759174	32568	170911	37347	
676	764572	31608	166613	37207	
677	769940	31465	164301	34294	
678	772741	31131	162218	33910	
679	775465	30844	159848	33843	
680	778065	30882	157616	33437	
681	783321	27870	155930	32879	
682	788708	27160	152192	31940	
683	793990	26316	147887	31807	
684	799414	26036	143072	31478	
685	804964	25614	138264	31158	
686	810723	25066	132996	31215	
687	816010	25588	130192	28210	
688	817680	26278	128620	27422	
689	817685	27126	128582	26607	
690	816395	27606	129672	26327	
691	813915	28534	131664	25887	
692	810228	29326	135132	25314	
693	804494	30786	138870	25850	
694	802321	27759	143378	26542	
695	800518	28093	144011	27378	
696	798404	29214	144498	27884	
697	795501	30522	145178	28799	
698	792082	31909	146374	29635	
699	787918	33496	147497	31089	
700	783550	35128	153234	28088	
701	775631	35742	160269	28358	
702	768024	35668	166797	29511	
703	762094	35122	171943	30841	
704	757428	35190	175156	32226	
705	752938	36387	176850	33825	
706	748704	37740	178109	35447	
707	746397	37403	180107	36093	
708	743311	38809	181842	36038	
709	739459	39519	185529	35493	
710	736708	37898	189858	35536	
711	733585	38334	191369	36712	
712	731145	38793	191963	38099	
713	731056	37807	193353	37784	
714	731366	37110	192351	39173	
715	734179	35969	189942	39910	
716	739682	34035	188013	38270	
717	743804	33782	183714	38700	
718	749001	33128	178703	39168	
719	755389	32375	174024	38212	
720	762528	30692	169289	37491	
721	769145	30519	164012	36324	
722	774863	30266	160496	34375	
723	778615	30284	156980	34121	
724	782781	29660	154136	33423	
725	785826	30046	151421	32707	
726	787450	30758	150775	31017	
727	786224	31949	151014	30813	
728	783264	33419	152697	30620	
729	778486	35107	155832	30575	
730	772160	36593	161279	29968	
731	764700	37095	167826	30379	
732	757672	37134	174163	31031	
733	750561	37816	179348	32275	
734	743650	38882	183745	33723	
735	737259	39759	187520	35462	
736	731565	40794	190686	36955	
737	726442	41702	194385	37471	
738	722106	41414	198953	37527	
739	717516	41760	202551	38173	
740	714072	41249	205429	39250	
741	714599	38346	206919	40136	
742	716908	37437	204471	41184	
743	720987	36687	200206	42120	
744	726079	36613	195479	41829	
745	731689	35770	190332	42209	
746	737721	35777	184853	41649	
747	742973	35983	182284	38760	
748	744930	36397	180830	37843	
749	747637	34748	180540	37075	
750	748913	35427	178675	36985	
751	752514	32985	178332	36169	
752	756442	31922	175540	36096	
753	759075	33093	171479	36353	
754	760578	34458	168175	36789	
755	763004	33997	167885	35114	
756	763460	34288	166455	35797	
757	764333	34555	167758	33354	
758	762581	34770	170391	32258	
759	758784	35720	172068	33428	
760	754816	37056	173330	34798	
761	750588	38686	176389	34337	
762	744010	40496	180787	34707	
763	736263	42097	186728	34912	
764	727182	43608	194055	35155	
765	717760	44237	201943	36060	
766	709034	44450	209124	37392	
767	701234	44816	214888	39062	
768	695240	44661	219208	40891	
769	689877	45846	221772	42505	
770	686739	45229	224010	44022	
771	684017	46307	225002	44674	
772	680957	47264	226859	44920	
773	677863	47601	229307	45229	
774	677035	45583	232247	45135	
775	676705	45008	231984	46303	
776	680906	41647	231763	45684	
777	685374	40781	227103	46742	
778	692136	39532	220620	47712	
779	700582	38820	212551	48047	
780	710210	37931	205788	46071	
781	719087	36711	198711	45491	
782	730835	33262	193775	42128	
783	740246	32257	186256	41241	
784	749444	31594	178981	39981	
785	757970	31064	171755	39211	
786	766044	30761	164888	38307	
787	773481	30472	158938	37109	
788	779874	30348	156148	33630	
789	785047	28115	154239	32599	
790	790646	26689	150760	31905	
791	795267	26983	146385	31365	
792	798986	27327	142607	31080	
793	802925	26824	139462	30789	
794	806271	27128	135938	30663	
795	808633	27996	134951	28420	
796	807724	29026	136258	26992	
797	804620	29805	138301	27274	
798	804351	27261	140779	27609	
799	803487	28204	141216	27093	
800	802616	27710	142292	27382	
801	801668	28050	142006	28276	
802	799859	29825	141030	29286	
803	797193	31660	141050	30097	
804	793534	33482	145449	27535	
805	786307	34473	150727	28493	
806	778967	35525	157490	28018	
807	770641	36078	164965	28316	
808	762353	36327	171218	30102	
809	755182	36943	175885	31990	
810	748135	38708	179346	33811	
811	741411	40192	183581	34816	
812	736226	39668	188248	35858	
813	733624	38094	191838	36444	
814	731686	38025	193605	36684	
815	729903	38049	194687	37361	
816	728793	38106	194028	39073	
817	730683	36799	191942	40576	
818	734821	36027	189073	40079	
819	739940	34593	187006	38461	
820	744440	33588	183574	38398	
821	749760	32692	179113	38435	
822	755130	32635	173699	38536	
823	760298	32975	169535	37192	
824	764181	32951	166483	36385	
825	766517	33678	164841	34964	
826	766433	34704	164931	33932	
827	764255	35793	166943	33009	
828	759773	37187	170101	32939	
829	753912	38443	174313	33332	
830	748701	38203	179805	33291	
831	741950	39707	184330	34013	
832	737797	37821	189333	35049	
833	735606	36874	191361	36159	
834	734575	36817	191048	37560	
835	734588	37180	189422	38810	
836	736126	36885	188399	38590	
837	737910	36412	185577	40101	
838	740529	37103	184168	38200	
839	740340	38006	184397	37257	
840	738214	39015	185586	37185	
841	736459	38559	187421	37561	
842	734244	39387	189095	37274	
843	730944	40212	192070	36774	
844	727467	39903	195179	37451	
845	724379	40164	197076	38381	
846	723058	39298	198225	39419	
847	724313	37765	198964	38958	
848	725942	36958	197342	39758	
849	729667	35638	194088	40607	
850	734295	35569	189823	40313	
851	738640	35524	185228	40608	
852	743146	35676	181454	39724	
853	746450	36029	179365	38156	
854	748119	36085	178436	37360	
855	749056	36043	178883	36018	
856	748783	35922	179357	35938	
857	747590	36769	179755	35886	
858	745096	37991	180848	36065	
859	741829	38968	182810	36393	
860	737704	40151	185693	36452	
861	732454	41323	189801	36422	
862	725686	42836	195202	36276	
863	717306	44291	201269	37134	
864	708336	45744	207569	38351	
865	699546	46763	214345	39346	
866	691541	46955	220957	40547	
867	684127	47573	226589	41711	
868	676839	48582	231326	43253	
869	671149	48518	235617	44716	
870	669226	46180	238391	46203	
871	669541	45449	237808	47202	
872	673085	43213	236302	47400	
873	677076	42923	231942	48059	
874	682205	42445	226283	49067	
875	688418	42400	220210	48972	
876	695571	41291	216430	46708	
877	700765	41035	212272	45928	
878	704655	41595	210094	43656	
879	705826	42063	208766	43345	
880	710173	38545	208384	42898	
881	713638	39017	204529	42816	
882	715513	40493	202255	41739	
883	714652	42175	201713	41460	
884	711573	44096	202293	42038	
885	707131	46078	204326	42465	
886	701287	47882	211859	38972	
887	692473	47361	220724	39442	
888	685057	46468	227592	40883	
889	679049	46478	231885	42588	
890	674307	46934	234267	44492	
891	672321	46023	235123	46533	
892	672314	46081	233264	48341	
893	673911	46211	231984	47894	
894	675821	45535	231727	46917	
895	676725	45556	230784	46935	
896	679557	43657	229406	47380	
897	684431	42027	227040	46502	
898	689580	40878	222986	46556	
899	696535	39121	217653	46691	
900	703858	38861	211239	46042	
901	710570	38864	204544	46022	
902	718421	37697	199751	44131	
903	724292	37851	195421	42436	
904	729380	36930	192394	41296	
905	734080	36174	190203	39543	
906	736810	36409	187516	39265	
907	738983	36725	185061	39231	
908	740721	37129	184089	38061	
909	740799	37627	183367	38207	
910	741021	37608	184064	37307	
911	739778	38187	185498	36537	
912	737125	38841	187276	36758	
913	734387	39117	189392	37104	
914	733878	37279	191380	37463	
915	734156	36827	191032	37985	
916	734597	37195	190251	37957	
917	734536	37669	189259	38536	
918	735278	37405	188087	39230	
919	736120	38003	186375	39502	
920	736678	38540	187099	37683	
921	735448	38535	188812	37205	
922	735224	37061	190152	37563	
923	737474	34951	189544	38031	
924	740979	34136	187090	37795	
925	744760	33650	183223	38367	
926	749616	33136	178333	38915	
927	755148	32957	172934	38961	
928	760925	32805	168830	37440	
929	765120	32870	166684	35326	
930	767057	33011	165418	34514	
931	768207	33027	164779	33987	
932	768980	32925	164670	33425	
933	768539	33550	164638	33273	
934	767745	33761	165383	33111	
935	765962	34561	166274	33203	
936	766775	32064	167824	33337	
937	767118	32642	166861	33379	
938	766472	33699	166578	33251	
939	765156	34205	166727	33912	
940	763725	34980	167171	34124	
941	761257	36240	167590	34913	
942	758335	37497	171766	32402	
943	752323	38130	176621	32926	
944	746155	38752	181052	34041	
945	740254	39585	185599	34562	
946	734629	39830	190204	35337	
947	729398	40212	193794	36596	
948	724823	40808	196509	37860	
949	721214	41108	199187	38491	
950	718674	40642	201543	39141	
951	715797	41590	202600	40013	
952	712923	42503	204360	40214	
953	709443	43314	206651	40592	
954	705828	43813	209157	41202	
955	703228	43366	211862	41544	
956	703285	41109	214586	41020	
957	701531	42343	214105	42021	
958	699829	43313	213945	42913	
959	700203	42092	213944	43761	
960	700359	43190	212223	44228	
961	701482	42642	212047	43829	
962	701260	43651	213580	41509	
963	697550	44821	214888	42741	
964	695988	43935	216396	43681	
965	694714	44538	218239	42509	
966	691858	44930	219587	43625	
967	690127	44909	221875	43089	
968	687390	45378	223133	44099	
969	685448	45575	223690	45287	
970	687278	43010	225330	44382	
971	687520	43731	223802	44947	
972	687465	44516	222603	45416	
973	687037	45386	222210	45367	
974	685892	46091	222218	45799	
975	685598	45640	222734	46028	
976	684539	46561	225364	43536	
977	680094	47536	228194	44176	
978	676678	47127	231214	44981	
979	672964	48236	232955	45845	
980	669873	48468	235100	46559	
981	666674	49318	237928	46080	
982	664777	47517	240685	47021	
983	663036	48308	240666	47990	
984	661798	48702	241847	47653	
985	659518	49460	242313	48709	
986	657461	50285	243305	48949	
987	661094	44818	244272	49816	
988	665527	44875	241573	48025	
989	667722	45346	238140	48792	
990	673368	42639	234784	49209	
991	679079	43030	227963	49928	
992	684968	43573	220708	50751	
993	690896	44318	219463	45323	
994	690434	45344	218906	45316	
995	696737	38559	218904	45800	
996	702934	39161	214824	43081	
997	705088	40433	210955	43524	
998	706711	41475	207815	43999	
999	707345	42934	204972	44749	
1000	707664	43995	202562	45779	
1001	707189	45794	207998	39019	
1002	698335	47477	214631	39557	
1003	688638	48869	221675	40818	
1004	678361	50688	229069	41882	
1005	667845	51978	236823	43354	
1006	661701	49077	244806	44416	
1007	655377	50309	248089	46225	
1008	649241	51925	250921	47913	
1009	643747	52936	253977	49340	
1010	646437	46165	256225	51173	
1011	650871	46251	250412	52466	
1012	655735	47060	247586	49619	
1013	657930	46929	244337	50804	
1014	660847	47383	239341	52429	
1015	667115	45599	233788	53498	
1016	674727	45409	233222	46642	
1017	678303	42632	232380	46685	
1018	684117	40401	227952	47530	
1019	693045	38132	221424	47399	
1020	703952	36017	212173	47858	
1021	716170	35126	202591	46113	
1022	727471	34330	192308	45891	
1023	739299	33603	184006	43092	
1024	750456	31505	177208	40831	
1025	764440	26435	170581	38544	
1026	778762	23791	160999	36448	
1027	791488	23400	149664	35448	
1028	804193	22397	138734	34676	
1029	816395	22125	127528	33952	
1030	829667	20337	118148	31848	
1031	841091	20122	112050	26737	
1032	847432	20127	108381	24060	
1033	851784	19457	105108	23651	
1034	855673	19516	102168	22643	
1035	863497	14593	99559	22351	
1036	871464	14156	93815	20565	
1037	878037	13788	87849	20326	
1038	884660	13491	81510	20339	
1039	891757	13057	75544	19642	
1040	898476	12741	69085	19698	
1041	905340	12661	67233	14766	
1042	907227	12726	65738	14309	
1043	908525	12853	64676	13946	
1044	909376	12969	64038	13617	
1045	909592	13265	63950	13193	
1046	909042	13615	64474	12869	
1047	908318	13484	65428	12770	
1048	906939	14022	66186	12853	
1049	905038	14635	67355	12972	