%Iteration	Healthy	Infected_1	Infected_2	Dead	
%pHIV=	[5, 1000]	; pINF=	[974, 100000000]	

0	994975	5025	0	0	
1	908647	86328	5025	0	
2	624862	283785	91353	0	
3	262967	361895	370113	5025	
4	58932	209002	645680	86386	
5	94863	49584	570897	284656	
6	372332	4287	258586	364795	
7	733395	121	53871	212613	
8	943694	166	4408	51732	
9	994354	547	287	4812	
10	997909	1207	713	171	
11	995934	2145	1754	167	
12	992734	3363	3352	551	
13	988421	4861	5508	1210	
14	983028	6593	8224	2155	
15	976672	8489	11454	3385	
16	969395	10631	15082	4892	
17	961276	12953	19120	6651	
18	952704	15169	23584	8543	
19	943861	17296	28122	10721	
20	934860	19604	32465	13071	
21	925773	22001	36900	15326	
22	916507	24443	41605	17445	
23	906852	26933	46444	19771	
24	896933	29471	51376	22220	
25	886963	31976	56404	24657	
26	876894	34485	61447	27174	
27	867813	35962	66461	29764	
28	859798	37501	70447	32254	
29	853344	38379	73463	34814	
30	847651	40138	75880	36331	
31	841480	42135	78517	37868	
32	834868	44106	82273	38753	
33	827644	45569	86241	40546	
34	820868	46912	89675	42545	
35	814413	48587	92481	44519	
36	808582	49887	95499	46032	
37	802796	51345	98474	47385	
38	797545	52166	101232	49057	
39	793479	52632	103511	50378	
40	791079	52232	104798	51891	
41	790207	52250	104864	52679	
42	790291	52047	104482	53180	
43	790712	52226	104297	52765	
44	790553	52443	104273	52731	
45	790741	51952	104669	52638	
46	791258	51637	104395	52710	
47	791691	51758	103589	52962	
48	792053	52053	103395	52499	
49	791108	52922	103811	52159	
50	788537	54201	104975	52287	
51	785615	54672	107123	52590	
52	782890	54791	108873	53446	
53	780262	55524	109463	54751	
54	778369	56097	110315	55219	
55	776017	57054	111621	55308	
56	772943	57792	113151	56114	
57	770184	58295	114846	56675	
58	767878	58419	116087	57616	
59	765536	59389	116714	58361	
60	763234	60070	117808	58888	
61	761328	60233	119459	58980	
62	759369	60344	120303	59984	
63	760151	58576	120577	60696	
64	764199	56060	118920	60821	
65	769987	54408	114636	60969	
66	776814	53519	110468	59199	
67	781559	53882	107927	56632	
68	783321	54285	107401	54993	
69	782427	55319	108167	54087	
70	778994	56998	109604	54404	
71	773948	58875	112317	54860	
72	767942	60294	115873	55891	
73	761289	62017	119169	57525	
74	754841	63422	122311	59426	
75	748769	64905	125439	60887	
76	745248	63802	128327	62623	
77	744130	63060	128707	64103	
78	744540	63060	126862	65538	
79	747179	62240	126120	64461	
80	751112	59883	125300	63705	
81	756302	57898	122123	63677	
82	763709	55659	117781	62851	
83	774826	51158	113557	60459	
84	787380	47306	106817	58497	
85	797958	47358	98464	56220	
86	806435	47133	94664	51768	
87	810348	47327	94491	47834	
88	810749	46948	94460	47843	
89	811702	46394	94275	47629	
90	812500	46320	93342	47838	
91	813167	46655	92714	47464	
92	814727	45446	92975	46852	
93	817632	43511	92101	46756	
94	821370	42564	88957	47109	
95	827210	40780	86075	45935	
96	833289	39422	83344	43945	
97	838636	38152	80202	43010	
98	844298	36898	77574	41230	
99	849276	35894	75050	39780	
100	854185	34473	72792	38550	
101	858737	33618	70367	37278	
102	863231	32395	68091	36283	
103	866899	32237	66013	34851	
104	867976	33418	64632	33974	
105	866635	34976	65655	32734	
106	861848	37231	68394	32527	
107	854322	39744	72207	33727	
108	845002	42727	76975	35296	
109	834023	45946	82471	37560	
110	822802	48419	88673	40106	
111	811821	50675	94365	43139	
112	802078	52444	99094	46384	
113	793856	54165	103119	48860	
114	787297	54908	106609	51186	
115	782309	55687	109073	52931	
116	778038	56635	110595	54732	
117	774570	57660	112322	55448	
118	772147	57340	114295	56218	
119	771008	56843	115000	57149	
120	771152	56450	114183	58215	
121	773327	55469	113293	57911	
122	775474	55161	111919	57446	
123	777724	54634	110630	57012	
124	780119	54079	109795	56007	
125	782119	53460	108713	55708	
126	784641	52603	107539	55217	
127	787983	51338	106063	54616	
128	795353	46722	103941	53984	
129	803075	45726	98060	53139	
130	808945	46719	92448	51888	
131	812300	47986	92445	47269	
132	809959	49147	94705	46189	
133	805766	49908	97133	47193	
134	803088	49410	99055	48447	
135	802156	48868	99318	49658	
136	804619	46688	98278	50415	
137	809917	44586	95556	49941	
138	816494	42861	91274	49371	
139	824010	41360	87447	47183	
140	831577	39150	84221	45052	
141	839449	36768	80510	43273	
142	848432	33892	75918	41758	
143	857802	31975	70660	39563	
144	867724	29226	65867	37183	
145	878061	26495	61201	34243	
146	883848	28111	55721	32320	
147	885599	30237	54606	29558	
148	881965	32927	58348	26760	
149	872610	35861	63164	28365	
150	861557	39136	68788	30519	
151	849136	42621	74997	33246	
152	835775	46302	81757	36166	
153	822103	49450	88923	39524	
154	809426	51801	95752	43021	
155	800299	51696	101251	46754	
156	794131	52420	103497	49952	
157	790691	52926	104116	52267	
158	789119	53353	105346	52182	
159	787593	53158	106279	52970	
160	786746	53266	106511	53477	
161	786934	52731	106424	53911	
162	788437	51868	105997	53698	
163	791065	50515	104599	53821	
164	794835	49508	102383	53274	
165	799724	47831	100023	52422	
166	804896	46722	97339	51043	
167	810423	44963	94553	50061	
168	815755	44222	91685	48338	
169	820660	42957	89185	47198	
170	824054	43347	87179	45420	
171	824701	44325	86304	44670	
172	823705	45199	87672	43424	
173	821025	45644	89524	43807	
174	817404	47043	90843	44710	
175	812842	48819	92687	45652	
176	807888	50160	95862	46090	
177	802546	50950	98979	47525	
178	798353	51217	101110	49320	
179	797659	49497	102167	50677	
180	800474	47366	100714	51446	
181	810607	40818	96863	51712	
182	824011	37781	88184	50024	
183	837268	36284	78599	47849	
184	850279	34370	74065	41286	
185	859193	31911	70654	38242	
186	868081	29014	66281	36624	
187	878001	26323	60925	34751	
188	887228	25193	55337	32242	
189	894982	24166	51516	29336	
190	900080	23928	49359	26633	
191	903317	23128	48094	25461	
192	904111	24417	47056	24416	
193	902470	25810	47545	24175	
194	898432	27987	50227	23354	
195	890246	31306	53797	24651	
196	879876	34772	59293	26059	
197	867771	37909	66078	28242	
198	856445	39279	72681	31595	
199	847924	39813	77188	35075	
200	841008	41663	79092	38237	
201	835626	43231	81476	39667	
202	830305	44609	84894	40192	
203	824055	46055	87840	42050	
204	818302	47401	90664	43633	
205	813425	48039	93456	45080	
206	810876	47184	95440	46500	
207	811020	45902	95223	47855	
208	815916	42473	93086	48525	
209	823267	40697	88375	47661	
210	832350	38089	83170	46391	
211	842601	35726	78786	42887	
212	851432	33620	73815	41133	
213	861408	30731	69346	38515	
214	872598	26927	64351	36124	
215	882364	25991	57658	33987	
216	890964	25066	52918	31052	
217	897225	24507	51057	27211	
218	901471	22727	49573	26229	
219	904531	22911	47234	25324	
220	905831	23749	45638	24782	
221	904905	25440	46660	22995	
222	900135	27549	49189	23127	
223	892901	30139	52989	23971	
224	883949	32696	57688	25667	
225	874303	35047	62835	27815	
226	864623	37216	67743	30418	
227	855203	39510	72263	33024	
228	846048	41847	76726	35379	
229	836904	44200	81357	37539	
230	827782	46253	86047	39918	
231	819302	48028	90453	42217	
232	811758	49356	94281	44605	
233	805712	50214	97384	46690	
234	802415	49514	99570	48501	
235	802836	47579	99728	49857	
236	805776	46439	97093	50692	
237	811489	44477	94018	50016	
238	819476	41528	90916	48080	
239	828717	38447	86005	46831	
240	839731	35388	79975	44906	
241	850427	33730	73835	42008	
242	859554	32495	69118	38833	
243	866371	31620	66225	35784	
244	871248	30559	64115	34078	
245	874477	30497	62179	32847	
246	876950	30058	61056	31936	
247	879320	29262	60555	30863	
248	880544	29346	59320	30790	
249	879400	31662	58608	30330	
250	874759	34656	61008	29577	
251	866034	38007	66318	29641	
252	854206	41178	72663	31953	
253	841276	44576	79185	34963	
254	828238	47646	85754	38362	
255	815480	50736	92222	41562	
256	804568	52038	98382	45012	
257	796043	53073	102774	48110	
258	789375	54268	105111	51246	
259	784729	55352	107341	52578	
260	781114	55700	109620	53566	
261	779560	54592	111052	54796	
262	780331	53454	110292	55923	
263	784520	51185	108046	56249	
264	790590	49586	104639	55185	
265	797927	47271	100771	54031	
266	804667	46772	96857	51704	
267	809170	46669	94043	50118	
268	812478	46314	93441	47767	
269	814452	45327	92983	47238	
270	817632	43593	91641	47134	
271	822117	42175	88920	46788	
272	827703	40754	85768	45775	
273	832889	40143	82929	44039	
274	835951	40542	80897	42610	
275	836836	41306	80685	41173	
276	834713	42895	81848	40544	
277	830842	43984	84201	40973	
278	825487	45942	86879	41692	
279	819737	47021	89926	43316	
280	815047	47598	92963	44392	
281	811624	47401	94619	46356	
282	813730	43810	94999	47461	
283	819791	40942	91211	48056	
284	828968	38424	84752	47856	
285	841773	34566	79366	44295	
286	853810	31789	72990	41411	
287	865866	28935	66355	38844	
288	878249	26080	60724	34947	
289	889272	23589	55015	32124	
290	899613	21475	49669	29243	
291	909436	19155	45064	26345	
292	918450	17062	40630	23858	
293	926641	15443	36217	21699	
294	932762	15348	32505	19385	
295	934897	17041	30791	17271	
296	933040	18946	32389	15625	
297	926858	21652	35987	15503	
298	917474	24710	40598	17218	
299	906774	27738	46362	19126	
300	895242	30451	52448	21859	
301	883668	33182	58189	24961	
302	872147	36235	63633	27985	
303	860255	39605	69417	30723	
304	847451	43235	75840	33474	
305	834086	46494	82840	36580	
306	820241	50051	89729	39979	
307	808262	51542	96545	43651	
308	797503	53964	101593	46940	
309	787868	56075	105506	50551	
310	781328	56588	110039	52045	
311	776071	56770	112663	54496	
312	774215	55793	113358	56634	
313	774695	55576	112563	57166	
314	776814	54470	111369	57347	
315	781687	51864	110046	56403	
316	786471	51069	106334	56126	
317	791372	50669	102933	55026	
318	795428	50450	101738	52384	
319	796370	50940	101119	51571	
320	795575	51867	101390	51168	
321	794337	51913	102807	50943	
322	791806	53009	103780	51405	
323	788777	53940	104922	52361	
324	785841	54735	106949	52475	
325	781469	56327	108675	53529	
326	776635	57827	111062	54476	
327	770957	59596	114154	55293	
328	764128	61518	117423	56931	
329	758152	62363	121114	58371	
330	753902	62033	123881	60184	
331	751372	62102	124396	62130	
332	752055	60832	124135	62978	
333	754686	59752	122934	62628	
334	758189	58492	120584	62735	
335	762815	57512	118244	61429	
336	766996	56618	116004	60382	
337	771781	55043	114130	59046	
338	775659	54547	111661	58133	
339	779118	54069	109590	57223	
340	782245	53496	108616	55643	
341	785365	51914	107565	55156	
342	789165	50768	105410	54657	
343	792042	51256	102682	54020	
344	793061	52478	102024	52437	
345	791568	53424	103734	51274	
346	788734	53585	105902	51779	
347	786250	53709	107009	53032	
348	784520	54222	107294	53964	
349	783674	54270	107931	54125	
350	784361	52870	108492	54277	
351	786543	51504	107140	54813	
352	789965	50884	104374	54777	
353	793903	50335	102388	53374	
354	798315	48441	101219	52025	
355	803320	46514	98776	51390	
356	808867	45320	94955	50858	
357	814905	44308	91834	48953	
358	819888	43502	89628	46982	
359	823388	42997	87810	45805	
360	825760	42950	86499	44791	
361	824054	46029	85947	43970	
362	819206	48393	88979	43422	
363	811080	51108	94422	43390	
364	800164	53844	99501	46491	
365	789562	56637	104952	48849	
366	778871	59048	110481	51600	
367	768791	61208	115685	54316	
368	759203	63366	120256	57175	
369	750621	65186	124574	59619	
370	742285	67379	128552	61784	
371	734561	68901	132565	63973	
372	727690	70231	136280	65799	
373	723140	69743	139132	67985	
374	721787	68645	139974	69594	
375	727757	62964	138388	70891	
376	735935	61987	131609	70469	
377	745218	60443	124951	69388	
378	755022	58886	122430	63662	
379	760432	57616	119329	62623	
380	767872	54565	116502	61061	
381	775531	52816	112181	59472	
382	782787	51638	107381	58194	
383	790640	49755	104454	55151	
384	795816	49441	101393	53350	
385	799006	49632	99196	52166	
386	801981	48699	99073	50247	
387	805325	46400	98331	49944	
388	811154	43619	95099	50128	
389	821178	39538	90019	49265	
390	836782	33156	83157	46905	
391	858300	24915	72694	44091	
392	878722	23263	58071	39944	
393	895944	22349	48178	33529	
394	907001	22157	45612	25230	
395	909035	22942	44506	23517	
396	907733	24597	45099	22571	
397	902782	27308	47539	22371	
398	894328	30595	51905	23172	
399	883227	34026	57903	24844	
400	870169	37644	64621	27566	
401	856810	40637	71670	30883	
402	843784	43634	78281	34301	
403	831656	46090	84271	37983	
404	821840	47447	89724	40989	
405	812921	49514	93537	44028	
406	805257	51245	96961	46537	
407	798296	53064	100759	47881	
408	790464	55263	104309	49964	
409	783251	56665	108327	51757	
410	776379	58123	111928	53570	
411	769649	59776	114788	55787	
412	765161	59683	117899	57257	
413	761659	60187	119459	58695	
414	758877	60928	119870	60325	
415	757821	60747	121115	60317	
416	756455	61069	121675	60801	
417	755190	61495	121816	61499	
418	755065	61014	122564	61357	
419	755338	60444	122509	61709	
420	757506	58921	121458	62115	
421	761026	57951	119365	61658	
422	763931	58125	116872	61072	
423	765545	58848	116076	59531	
424	763737	60739	116973	58551	
425	758275	63415	119587	58723	
426	750862	65586	124154	59398	
427	742400	67239	129001	61360	
428	734767	68343	132825	64065	
429	730890	67329	135582	66199	
430	730869	65572	135672	67887	
431	734245	63837	132901	69017	
432	742312	60245	129409	68034	
433	752654	57054	124082	66210	
434	763800	54442	117299	64459	
435	776457	51137	111496	60910	
436	786799	49968	105579	57654	
437	795618	48262	101105	55015	
438	803276	46799	98230	51695	
439	806545	47943	95061	50451	
440	806121	50370	94742	48767	
441	802884	51523	98313	47280	
442	797597	52087	101893	48423	
443	792697	52863	103610	50830	
444	793546	49485	104950	52019	
445	797799	47227	102348	52626	
446	804181	45657	96712	53450	
447	813096	44021	92884	49999	
448	819678	42926	89678	47718	
449	824874	42033	86947	46146	
450	830030	40540	84959	44471	
451	835613	38456	82573	43358	
452	841807	36721	78996	42476	
453	849971	33908	75177	40944	
454	859312	31204	70629	38855	
455	867504	30246	65112	37138	
456	873697	30607	61450	34246	
457	876091	31514	60853	31542	
458	874527	32770	62121	30582	
459	869976	34823	64284	30917	
460	863425	37178	67593	31804	
461	855282	39633	72001	33084	
462	845931	42098	76811	35160	
463	836373	44391	81731	37505	
464	826830	46661	86489	40020	
465	817997	48457	91052	42494	
466	810753	49320	95118	44809	
467	804231	50884	97777	47108	
468	798495	52399	100204	48902	
469	793920	52976	103283	49821	
470	790706	52511	105375	51408	
471	789159	52446	105487	52908	
472	789394	52134	104957	53515	
473	790159	52244	104580	53017	
474	791656	51030	104378	52936	
475	793271	50803	103274	52652	
476	795127	50271	101833	52769	
477	798139	49245	101074	51542	
478	800825	48348	99516	51311	
479	803776	47873	97593	50758	
480	806955	47100	96221	49724	
481	810631	45543	94973	48853	
482	815709	43279	92643	48369	
483	819393	44239	88822	47546	
484	821061	45421	87518	46000	
485	819634	46982	89660	43724	
486	814638	48294	92403	44665	
487	809955	48890	95276	45879	
488	809106	46236	97184	47474	
489	811969	44171	95126	48734	
490	816296	43936	90407	49361	
491	821591	43596	88107	46706	
492	824513	43333	87532	44622	
493	825331	43365	86929	44375	
494	825665	43567	86698	44070	
495	825330	43983	86932	43755	
496	824035	44628	87550	43787	
497	824362	42992	88611	44035	
498	824346	43630	87620	44404	
499	824188	44170	86622	45020	
500	825451	43321	87800	43428	
501	825510	42926	87491	44073	
502	824103	45055	86247	44595	
503	820685	47586	87981	43748	
504	813795	50192	92641	43372	
505	803912	52859	97778	45451	
506	793909	55022	103051	48018	
507	784532	56883	107881	50704	
508	777222	57529	111905	53344	
509	771895	58130	114412	55563	
510	768763	58153	115659	57425	
511	767276	58325	116283	58116	
512	766524	58273	116478	58725	
513	766673	57975	116598	58754	
514	767346	57473	116248	58933	
515	768632	57041	115448	58879	
516	773931	52980	114514	58575	
517	780659	51275	110021	58045	
518	793921	44165	104255	57659	
519	812082	38926	95440	53552	
520	825295	39832	83091	51782	
521	835537	41012	78758	44693	
522	837817	41958	80844	39381	
523	833113	43742	82970	40175	
524	827713	45168	85700	41419	
525	823108	45592	88910	42390	
526	817655	47406	90760	44179	
527	812283	49141	92998	45578	
528	806601	50804	96547	46048	
529	800152	52029	99945	47874	
530	794377	53201	102833	49589	
531	790551	52899	105230	51320	
532	790502	50844	106100	52554	
533	791745	50759	103743	53753	
534	795384	49548	101603	53465	
535	801165	47175	100307	51353	
536	807114	44874	96723	51289	
537	814254	43588	92049	50109	
538	820997	42871	88462	47670	
539	825153	43082	86459	45306	
540	826939	43065	85953	44043	
541	827041	43493	86147	43319	
542	826815	43115	86558	43512	
543	826815	43092	86608	43485	
544	826420	43480	86207	43893	
545	826022	43853	86572	43553	
546	825132	43991	87333	43544	
547	824317	43942	87844	43897	
548	823834	43919	87933	44314	
549	823878	43807	87861	44454	
550	824114	43777	87726	44383	
551	824277	43787	87584	44352	
552	824040	44164	87564	44232	
553	823461	44342	87951	44246	
554	824303	42961	88506	44230	
555	825408	42679	87303	44610	
556	826370	43250	85640	44740	
557	827724	42938	85929	43409	
558	830897	39814	86188	43101	
559	836402	37179	82752	43667	
560	844564	35084	76993	43359	
561	853310	34212	72263	40215	
562	860981	32139	69296	37584	
563	864687	33492	66351	35470	
564	864405	35371	65631	34593	
565	860933	37715	68863	32489	
566	852867	40241	73086	33806	
567	843754	42598	77956	35692	
568	833761	45288	82839	38112	
569	822765	48718	87886	40631	
570	811338	51656	94006	43000	
571	799820	54066	100374	45740	
572	790396	54733	105722	49149	
573	783340	55725	108799	52136	
574	778837	56106	110458	54599	
575	776560	56329	111831	55280	
576	776530	54787	112435	56248	
577	779899	52304	111116	56681	
578	786255	49763	107091	56891	
579	795538	47023	102067	55372	
580	806704	43640	96786	52870	
581	817531	41532	90663	50274	
582	827302	40045	85172	47481	
583	835463	38833	81577	44127	
584	839530	39645	78878	41947	
585	839813	41243	78478	40466	
586	835938	43949	80888	39225	
587	827675	47094	85192	40039	
588	816440	50880	91043	41637	
589	801717	55943	97974	44366	
590	784406	61228	106823	47543	
591	765838	65628	117171	51363	
592	746348	70357	126856	56439	
593	726721	75511	135985	61783	
594	706940	80907	145868	66285	
595	686659	85923	156418	71000	
596	665457	91465	166830	76248	
597	644479	96498	177388	81635	
598	623946	101327	187963	86764	
599	604289	105531	197825	92355	
600	585946	109776	206858	97420	
601	569176	113222	215307	102295	
602	558193	112277	222998	106532	
603	552652	111085	225499	110764	
604	549141	113130	223362	114367	
605	546652	115747	224215	113386	
606	541314	117575	228877	112234	
607	532690	119788	233322	114200	
608	522249	123514	237363	116874	
609	509914	128035	243302	118749	
610	494392	133122	251549	120937	
611	474466	139695	261157	124682	
612	452629	145253	272817	129301	
613	427715	152966	284948	134371	
614	399731	161028	298219	141022	
615	370050	169196	313994	146760	
616	337225	178100	330224	154451	
617	322904	167282	347296	162518	
618	312611	171209	345382	170798	
619	302478	179232	338491	179799	
620	292996	187424	350441	169139	
621	264006	196395	366656	172943	
622	254511	180750	383819	180920	
623	251272	182328	377145	189255	
624	249641	188967	363078	198314	
625	249738	196305	371295	182662	
626	226042	204583	385272	184103	
627	220254	188116	400888	190742	
628	220339	188724	392699	198238	
629	222219	194417	376840	206524	
630	225534	201131	383141	190194	
631	205230	208551	395548	190671	
632	202295	191709	409682	196314	
633	205083	191610	400260	203047	
634	209416	196695	383319	210570	
635	215055	202847	388305	193793	
636	197004	209892	399542	193562	
637	195617	192995	412739	198649	
638	199895	192420	402887	204798	
639	205386	197224	385415	211975	
640	212079	203178	389644	195099	
641	194874	210315	400402	194409	
642	193793	193523	413493	199191	
643	198104	192816	403838	205242	
644	203753	197502	386339	212406	
645	210711	203333	390318	195638	
646	193986	210385	400835	194794	
647	193137	193688	413718	199457	
648	197691	192850	404073	205386	
649	203628	197391	386538	212443	
650	210566	203341	390241	195852	
651	194241	210253	400732	194774	
652	193211	193977	413594	199218	
653	197486	192954	404230	205330	
654	203551	197216	386931	212302	
655	210465	203249	390170	196116	
656	194493	210138	400465	194904	
657	193282	194188	413387	199143	
658	197439	192981	404326	205254	
659	203443	197106	387169	212282	
660	210516	203096	390087	196301	
661	194697	210156	400202	194945	
662	193348	194327	413252	199073	
663	197485	192967	404483	205065	
664	203375	197074	387294	212257	
665	210636	202953	390041	196370	
666	194870	210177	400027	194926	
667	193472	194423	413130	198975	
668	197487	193010	404600	204903	
669	203363	197010	387433	212194	
670	210564	202872	390020	196544	
671	195070	210041	399882	195007	
672	193557	194559	412913	198971	
673	197473	193053	404600	204874	
674	203295	196977	387612	212116	
675	210548	202762	390030	196660	
676	195403	209963	399739	194895	
677	193419	194901	412725	198955	
678	197476	192940	404864	204720	
679	203085	196992	387841	212082	
680	210450	202576	389932	197042	
681	195599	209952	399568	194881	
682	193347	195123	412528	199002	
683	197411	192870	405075	204644	
684	203164	196916	387993	211927	
685	210411	202619	389786	197184	
686	195834	209818	399535	194813	
687	193448	195277	412437	198838	
688	197418	192887	405095	204600	
689	203125	196856	388164	211855	
690	210304	202507	389743	197446	
691	196186	209674	399363	194777	
692	193447	195563	412181	198809	
693	197472	192818	405237	204473	
694	203131	196803	388381	211685	
695	210267	202438	389621	197674	
696	196398	209537	399241	194824	
697	193573	195703	411975	198749	
698	197390	192933	405240	204437	
699	202979	196744	388636	211641	
700	210204	202308	389677	197811	
701	196544	209489	399052	194915	
702	193658	195918	411797	198627	
703	197215	193055	405407	204323	
704	202864	196641	388973	211522	
705	210051	202253	389696	198000	
706	196647	209381	398894	195078	
707	193795	195986	411634	198585	
708	197317	193142	405367	204174	
709	202812	196681	389128	211379	
710	210012	202162	389823	198003	
711	196696	209306	398843	195155	
712	193785	196016	411468	198731	
713	197360	193132	405322	204186	
714	202815	196690	389148	211347	
715	209892	202138	389822	198148	
716	196928	209163	398828	195081	
717	193844	196244	411301	198611	
718	197328	193186	405407	204079	
719	202718	196664	389430	211188	
720	209770	202013	389850	198367	
721	197103	209057	398677	195163	
722	193863	196404	411070	198663	
723	197297	193194	405461	204048	
724	202660	196608	389598	211134	
725	209803	201939	389802	198456	
726	197165	209059	398547	195229	
727	194035	196425	410998	198542	
728	197274	193261	405484	203981	
729	202776	196496	389686	211042	
730	209811	201969	389757	198463	
731	197317	208956	398465	195262	
732	194082	196535	410925	198458	
733	197203	193336	405491	203970	
734	202725	196457	389871	210947	
735	209582	202009	389793	198616	
736	197444	208820	398466	195270	
737	193978	196743	410829	198450	
738	197198	193255	405563	203984	
739	202753	196445	389998	210804	
740	209442	202001	389700	198857	
741	197732	208672	398446	195150	
742	193972	196996	410673	198359	
743	197051	193270	405668	204011	
744	202715	196314	390266	210705	
745	209299	201941	389584	199176	
746	197981	208513	398255	195251	
747	194113	197172	410454	198261	
748	197057	193292	405685	203966	
749	202810	196219	390464	210507	
750	209284	201914	389511	199291	
751	198240	208347	398133	195280	
752	194111	197395	410261	198233	
753	197062	193295	405742	203901	
754	202653	196276	390690	210381	
755	209034	201880	389571	199515	
756	198327	208250	398156	195267	
757	194145	197528	410130	198197	
758	196960	193338	405778	203924	
759	202718	196189	390866	210227	
760	208938	201870	389527	199665	
761	198519	208101	398059	195321	
762	194138	197732	409971	198159	
763	196963	193349	405833	203855	
764	202595	196176	391081	210148	
765	208914	201803	389525	199758	
766	198527	208063	397979	195431	
767	194371	197673	409866	198090	
768	196961	193542	405736	203761	
769	202462	196175	391215	210148	
770	208846	201649	389717	199788	
771	198662	208022	397824	195492	
772	194307	197896	409671	198126	
773	196881	193544	405918	203657	
774	202239	196166	391440	210155	
775	208759	201537	389710	199994	
776	198657	208070	397703	195570	
777	194242	198027	409607	198124	
778	196768	193573	406097	203562	
779	202255	196071	391600	210074	
780	208738	201567	389644	200051	
781	198647	208074	397638	195641	
782	194352	197984	409641	198023	
783	196679	193702	406058	203561	
784	202132	196022	391686	210160	
785	208661	201461	389724	200154	
786	198831	207973	397483	195713	
787	194470	198139	409434	197957	
788	196626	193808	406112	203454	
789	202080	195988	391947	209985	
790	208501	201412	389796	200291	
791	198933	207816	397400	195851	
792	194577	198285	409228	197910	
793	196583	193939	406101	203377	
794	201925	195920	392224	209931	
795	208521	201248	389859	200372	
796	199092	207822	397168	195918	
797	194691	198445	409070	197794	
798	196465	194052	406267	203216	
799	201865	195837	392497	209801	
800	208389	201200	389889	200522	
801	199232	207702	397037	196029	
802	194647	198640	408902	197811	
803	196340	194048	406342	203270	
804	201835	195725	392688	209752	
805	208274	201191	389773	200762	
806	199514	207591	396916	195979	
807	194666	198789	408782	197763	
808	196554	193949	406380	203117	
809	201778	195853	392738	209631	
810	208229	201074	389802	200895	
811	199591	207478	396927	196004	
812	194699	198896	408552	197853	
813	196600	194033	406374	202993	
814	201626	195943	392929	209502	
815	208139	200970	389976	200915	
816	199529	207449	396913	196109	
817	194795	198861	408419	197925	
818	196722	194079	406310	202889	
819	201546	196054	392940	209460	
820	208139	200829	390133	200899	
821	199521	207414	396883	196182	
822	194965	198786	408243	198006	
823	196791	194223	406200	202786	
824	201469	196073	393009	209449	
825	208153	200728	390296	200823	
826	199611	207377	396801	196211	
827	194945	198904	408105	198046	
828	196715	194263	406281	202741	
829	201361	196037	393167	209435	
830	207933	200709	390300	201058	
831	199706	207192	396746	196356	
832	195096	198969	407901	198034	
833	196729	194388	406161	202722	
834	201428	196032	393357	209183	
835	207872	200701	390420	201007	
836	199743	207148	396733	196376	
837	195056	199038	407849	198057	
838	196776	194351	406186	202687	
839	201419	196050	393389	209142	
840	207651	200747	390401	201201	
841	199912	206957	396797	196334	
842	195037	199277	407704	197982	
843	196710	194382	406234	202674	
844	201262	196080	393659	208999	
845	207600	200608	390462	201330	
846	199940	206962	396688	196410	
847	195037	199333	407570	198060	
848	196740	194396	406295	202569	
849	201195	196109	393729	208967	
850	207488	200567	390505	201440	
851	200070	206883	396676	196371	
852	194980	199449	407450	198121	
853	196741	194343	406332	202584	
854	201244	196106	393792	208858	
855	207509	200542	390449	201500	
856	200075	206879	396648	196398	
857	195090	199486	407421	198003	
858	196669	194471	406365	202495	
859	201127	196030	393957	208886	
860	207403	200519	390501	201577	
861	200148	206775	396549	196528	
862	195227	199531	407294	197948	
863	196599	194604	406306	202491	
864	201024	195971	394135	208870	
865	207459	200377	390575	201589	
866	200255	206826	396348	196571	
867	195168	199639	407203	197990	
868	196612	194560	406465	202363	
869	200974	195910	394199	208917	
870	207511	200320	390470	201699	
871	200376	206795	396230	196599	
872	195334	199719	407115	197832	
873	196489	194696	406514	202301	
874	200934	195803	394415	208848	
875	207419	200236	390499	201846	
876	200600	206660	396039	196701	
877	195494	199851	406896	197759	
878	196549	194759	406511	202181	
879	200830	195801	394610	208759	
880	207389	200107	390560	201944	
881	200660	206635	395908	196797	
882	195610	199933	406742	197715	
883	196465	194897	406568	202070	
884	200797	195771	394830	208602	
885	207272	200091	390668	201969	
886	200724	206542	395862	196872	
887	195578	200046	406633	197743	
888	196460	194870	406588	202082	
889	200678	195774	394916	208632	
890	207187	200009	390644	202160	
891	200864	206490	395783	196863	
892	195606	200181	406499	197714	
893	196481	194928	406671	201920	
894	200604	195832	395109	208455	
895	206990	199958	390760	202292	
896	201000	206344	395790	196866	
897	195439	200368	406302	197891	
898	196471	194855	406712	201962	
899	200444	195895	395223	208438	
900	206959	199851	390750	202440	
901	201052	206356	395746	196846	
902	195422	200489	406207	197882	
903	196466	194860	406845	201829	
904	200547	195795	395349	208309	
905	206853	199956	390655	202536	
906	201088	206274	395751	196887	
907	195562	200478	406230	197730	
908	196334	194968	406752	201946	
909	200519	195759	395446	208276	
910	206862	199924	390727	202487	
911	201146	206212	395683	196959	
912	195572	200558	406136	197734	
913	196322	195011	406770	201897	
914	200477	195729	395569	208225	
915	206777	199862	390740	202621	
916	201119	206242	395591	197048	
917	195570	200568	406104	197758	
918	196456	194961	406810	201773	
919	200389	195828	395529	208254	
920	206867	199763	390789	202581	
921	201200	206228	395591	196981	
922	195629	200577	405991	197803	
923	196519	194981	406805	201695	
924	200300	195854	395558	208288	
925	206855	199655	390835	202655	
926	201312	206207	395509	196972	
927	195603	200704	405862	197831	
928	196521	194992	406911	201576	
929	200135	195939	395696	208230	
930	206775	199522	390931	202772	
931	201455	206102	395461	196982	
932	195536	200823	405624	198017	
933	196638	194888	406925	201549	
934	200302	195915	395711	208072	
935	206747	199549	390803	202901	
936	201594	206014	395464	196928	
937	195542	200956	405563	197939	
938	196584	194867	406970	201579	
939	200304	195898	395823	207975	
940	206626	199582	390765	203027	
941	201702	205866	395480	196952	
942	195534	201043	405448	197975	
943	196669	194883	406909	201539	
944	200147	196008	395926	207919	
945	206449	199511	390891	203149	
946	201725	205796	395519	196960	
947	195648	201038	405307	198007	
948	196702	194994	406834	201470	
949	200154	196023	396032	207791	
950	206341	199484	391017	203158	
951	201739	205697	395507	197057	
952	195751	201072	405181	197996	
953	196584	195128	406769	201519	
954	200114	195951	396200	207735	
955	206347	199470	391079	203104	
956	201700	205695	395421	197184	
957	195720	201153	405165	197962	
958	196604	195119	406848	201429	
959	200166	195929	396272	207633	
960	206194	199509	391048	203249	
961	201885	205549	395438	197128	
962	195785	201255	405058	197902	
963	196552	195178	406804	201466	
964	200032	195993	396433	207542	
965	205951	199464	391171	203414	
966	201992	205366	395457	197185	
967	195730	201428	404830	198012	
968	196553	195164	406794	201489	
969	200061	195971	396592	207376	
970	205931	199433	391135	203501	
971	202099	205292	395404	197205	
972	195834	201472	404725	197969	
973	196646	195189	406764	201401	
974	200045	196009	396661	207285	
975	205892	199385	391198	203525	
976	202087	205259	395394	197260	
977	195810	201549	404644	197997	
978	196596	195237	406808	201359	
979	199853	196063	396786	207298	
980	205866	199244	391300	203590	
981	202255	205253	395307	197185	
982	195739	201711	404497	198053	
983	196618	195220	406964	201198	
984	199665	196083	396931	207321	
985	205873	199099	391303	203725	
986	202333	205277	395182	197208	
987	195835	201763	404376	198026	
988	196655	195289	407040	201016	
989	199545	196110	397052	207293	
990	205657	198989	391399	203955	
991	202537	205039	395099	197325	
992	195837	201952	404028	198183	
993	196716	195300	406991	200993	
994	199550	196172	397252	207026	
995	205585	198965	391472	203978	
996	202454	204999	395137	197410	
997	196088	201892	403964	198056	
998	196653	195524	406891	200932	
999	199511	196055	397416	207018	
1000	205556	198888	391579	203977	
1001	202556	204954	394943	197547	
1002	196187	201964	403842	198007	
1003	196722	195573	406918	200787	
1004	199336	196166	397537	206961	
1005	205459	198741	391739	204061	
1006	202653	204840	394907	197600	
1007	196238	202101	403581	198080	
1008	196608	195697	406941	200754	
1009	199308	196083	397798	206811	
1010	205355	198724	391780	204141	
1011	202776	204733	394807	197684	
1012	196244	202249	403457	198050	
1013	196651	195692	406982	200675	
1014	199263	196120	397941	206676	
1015	205153	198679	391812	204356	
1016	202942	204541	394799	197718	
1017	196253	202362	403220	198165	
1018	196715	195689	406903	200693	
1019	199302	196112	398051	206535	
1020	205021	198684	391801	204494	
1021	203083	204373	394796	197748	
1022	196305	202502	403057	198136	
1023	196747	195688	406875	200690	
1024	199305	196169	398190	206336	
1025	204843	198713	391857	204587	
1026	203204	204245	394882	197669	
1027	196294	202628	402958	198120	
1028	196647	195804	406873	200676	
1029	199113	196135	398432	206320	
1030	204795	198539	391939	204727	
1031	203279	204193	394674	197854	
1032	196483	202728	402732	198057	
1033	196650	195921	406921	200508	
1034	198978	196084	398649	206289	
1035	204843	198427	392005	204725	
1036	203260	204224	394511	198005	
1037	196567	202699	402651	198083	
1038	196679	196013	406923	200385	
1039	198957	196095	398712	206236	
1040	204722	198389	392108	204781	
1041	203303	204168	394484	198045	
1042	196605	202766	402557	198072	
1043	196636	196088	406934	200342	
1044	198828	196158	398854	206160	
1045	204659	198314	392246	204781	
1046	203305	204125	394472	198098	
1047	196610	202801	402439	198150	
1048	196671	196092	406926	200311	
1049	198878	196159	398893	206070	