%Iteration	Healthy	Infected_1	Infected_2	Dead	
%pHIV=	[5, 100]	; pINF=	[974, 100000000]	

0	949640	50360	0	0	
1	374839	574801	50360	0	
2	8216	366623	625161	0	
3	2	8214	991784	0	
4	0	2	999998	0	
5	0	0	949640	50360	
6	49847	0	374839	575314	
7	619452	6	8216	372326	
8	987944	90	8	11958	
9	999266	526	96	112	
10	997943	1435	622	0	
11	995125	2818	2057	0	
12	990443	4682	4869	6	
13	983423	7026	9461	90	
14	973662	9850	15961	527	
15	961057	13126	24376	1441	
16	945711	16772	34684	2833	
17	927682	20836	46774	4708	
18	907009	25340	60584	7067	
19	883748	30263	76074	9915	
20	858388	35174	93211	13227	
21	831692	39805	111613	16890	
22	803828	44568	130582	21022	
23	775760	48887	149810	25543	
24	748727	52291	168434	30548	
25	723941	55001	185551	35507	
26	701998	57104	200747	40151	
27	683910	57793	213283	45014	
28	671389	57058	222189	49364	
29	666201	54082	226956	52761	
30	666939	51509	226037	55515	
31	672066	49785	220442	57707	
32	681294	47898	212434	58374	
33	693643	45465	203274	57618	
34	706989	43677	194657	54677	
35	719010	42111	186825	52054	
36	730861	39690	179151	50298	
37	743721	36914	170943	48422	
38	756302	35352	162392	45954	
39	767971	33825	154067	44137	
40	779222	32432	145781	42565	
41	789836	31551	138523	40090	
42	798380	31134	133160	37326	
43	803026	32298	128942	35734	
44	804209	34174	127415	34202	
45	802055	35981	129157	32807	
46	797237	37292	133587	31884	
47	790215	38605	139745	31435	
48	781397	39926	146052	32625	
49	773244	40446	151804	34506	
50	765768	41642	156269	36321	
51	758831	42911	160619	37639	
52	753256	42827	164925	38992	
53	749285	42561	167826	40328	
54	746643	42580	169941	40836	
55	744383	42669	170879	42069	
56	743516	42519	170637	43328	
57	744289	42130	170329	43252	
58	747838	39277	169898	42987	
59	752839	37549	166595	43017	
60	759744	35675	161475	43106	
61	769294	33132	154631	42943	
62	780950	30841	145633	42576	
63	794892	28211	137197	39700	
64	807492	26687	127859	37962	
65	820206	24848	118871	36075	
66	832428	23492	110587	33493	
67	843202	22389	103238	31171	
68	851426	22673	97416	28485	
69	855782	23833	93402	26983	
70	856767	25701	92387	25145	
71	853832	27812	94596	23760	
72	846350	31011	100019	22620	
73	833873	34858	108357	22912	
74	817744	38824	119382	24050	
75	798759	42811	132505	25925	
76	778276	46157	147504	28063	
77	757973	48092	162650	31285	
78	739182	49751	175884	35183	
79	722511	51479	186811	39199	
80	710905	50368	195479	43248	
81	706764	46949	199690	46597	
82	707733	45139	198547	48581	
83	712964	42864	193935	50237	
84	721131	41579	185320	51970	
85	732423	40161	176531	50885	
86	743549	39277	169743	47431	
87	752419	38086	163881	45614	
88	760831	36780	159103	43286	
89	767335	36378	154304	41983	
90	772001	36889	150521	40589	
91	776938	35220	148133	39709	
92	783493	32746	145267	38494	
93	788403	33187	141233	37177	
94	791329	33874	138042	36755	
95	792627	35097	135027	37249	
96	793114	36375	134904	35607	
97	790156	38210	138533	33101	
98	783503	39404	143556	33537	
99	776442	40274	149086	34198	
100	767867	42442	154263	35428	
101	757806	45147	160330	36717	
102	745442	48728	167267	38563	
103	732460	51122	176591	39827	
104	718902	52980	187439	40679	
105	704968	54215	197977	42840	
106	693310	54083	207045	45562	
107	683636	54805	212400	49159	
108	677110	55204	216083	51603	
109	673384	54840	218307	53469	
110	673115	53181	218932	54772	
111	676165	51201	218030	54604	
112	681841	48370	214426	55363	
113	691203	45428	207592	55777	
114	704008	42438	198180	55374	
115	718495	40322	187437	53746	
116	732520	39203	176558	51719	
117	745792	37952	167391	48865	
118	756378	37827	159915	45880	
119	763365	38416	155304	42915	
120	766962	38875	153398	40765	
121	767362	39951	153070	39617	
122	765262	41337	155069	38332	
123	760093	43079	158579	38249	
124	752498	45461	163242	38799	
125	742587	48311	169828	39274	
126	730268	51210	178188	40334	
127	716530	53690	188061	41719	
128	702276	55583	198672	43469	
129	688558	56749	208794	45899	
130	675743	58237	217232	48788	
131	667844	56197	224259	51700	
132	663218	55801	226766	54215	
133	661094	55810	226984	56112	
134	661061	55581	226045	57313	
135	663916	53860	223389	58835	
136	670952	51172	221052	56824	
137	676825	50375	216423	56377	
138	683301	49344	210988	56367	
139	690799	48275	204751	56175	
140	699076	47347	199166	54411	
141	706552	46436	195341	51671	
142	712769	44971	191402	50858	
143	719432	43666	187029	49873	
144	725013	43796	182420	48771	
145	728739	44555	178869	47837	
146	730333	45736	176988	46943	
147	729579	47241	177753	45427	
148	725534	48982	181328	44156	
149	719767	49487	186514	44232	
150	713831	49717	191446	45006	
151	708321	50051	195427	46201	
152	705962	48114	198237	47687	
153	706499	46666	197369	49466	
154	710465	44971	194548	50016	
155	715882	44092	189802	50224	
156	724180	41416	183843	50561	
157	735967	38237	177145	48651	
158	750667	33473	168716	47144	
159	768979	28352	157218	45451	
160	786542	27469	141478	44511	
161	803805	26805	127531	41859	
162	818664	26574	116099	38663	
163	830508	26398	109200	33894	
164	837140	26911	107246	28703	
165	837306	28256	106688	27750	
166	834853	29934	108139	27074	
167	829851	31788	111499	26862	
168	822691	33745	116889	26675	
169	813242	35893	123723	27142	
170	804259	35855	131360	28526	
171	795141	37363	137281	30215	
172	786278	38789	142856	32077	
173	779242	38794	147900	34064	
174	773371	39584	150801	36244	
175	769144	40110	154530	36216	
176	765194	39822	157277	37707	
177	762625	39917	158310	39148	
178	761973	39432	159433	39162	
179	761484	39253	159281	39982	
180	761698	39367	158424	40511	
181	765159	36662	157969	40210	
182	769401	35596	154714	40289	
183	774754	34515	150878	39853	
184	780067	34116	146140	39677	
185	788468	30899	140889	39744	
186	800661	27151	135126	37062	
187	810102	27270	126681	35947	
188	818784	26875	119436	34905	
189	825846	27508	112195	34451	
190	832406	27565	108804	31225	
191	835550	27744	109218	27488	
192	833627	29147	109692	27534	
193	829469	31402	111964	27165	
194	822983	33401	115858	27758	
195	814909	35582	121694	27815	
196	804801	37625	129532	28042	
197	793142	39422	138010	29426	
198	780992	41308	146030	31670	
199	769613	42703	153937	33747	
200	759969	43068	161058	35905	
201	751985	43517	166501	37997	
202	745708	43874	170596	39822	
203	741373	43760	173162	41705	
204	738752	43902	174219	43127	
205	737709	43750	175053	43488	
206	738058	42727	175286	43929	
207	739652	41890	174139	44319	
208	741751	41746	172269	44234	
209	743558	41976	170113	44353	
210	745136	42325	168339	44200	
211	746691	42179	167937	43193	
212	747250	42172	168226	42352	
213	747205	41979	168652	42164	
214	746641	42316	168655	42388	
215	746538	42026	168646	42790	
216	748197	40733	168493	42577	
217	749831	40488	167054	42627	
218	751246	40810	165563	42381	
219	753076	40157	164057	42710	
220	755057	40307	162188	42448	
221	754986	42089	161762	41163	
222	751682	44064	163363	40891	
223	746374	45806	166617	41203	
224	740137	47048	172266	40549	
225	731909	48396	179007	40688	
226	722670	49529	185314	42487	
227	714528	50171	190779	44522	
228	709066	49584	195144	46206	
229	705982	48819	197680	47519	
230	705193	47809	198103	48895	
231	706178	47413	196383	50026	
232	708518	47162	193625	50695	
233	712158	46560	191203	50079	
234	715522	46195	188944	49339	
235	718272	46106	187330	48292	
236	719564	46551	186023	47862	
237	720501	46457	185412	47630	
238	721251	46402	185309	47038	
239	720526	47320	185516	46638	
240	717991	48695	186730	46584	
241	715607	48509	188874	47010	
242	713105	49049	190926	46920	
243	710338	49223	193573	46866	
244	707296	49423	195476	47805	
245	704379	50260	196204	49157	
246	702179	50893	197955	48973	
247	698988	51684	199799	49529	
248	697059	50960	202260	49721	
249	695302	50953	203797	49948	
250	695640	49141	204490	50729	
251	700381	45495	202738	51386	
252	712901	38352	196549	52198	
253	731400	33202	183941	51457	
254	753120	29213	166190	51477	
255	777787	26286	146262	49665	
256	804412	22549	127053	45986	
257	829328	20612	111250	38810	
258	848387	19319	98660	33634	
259	862053	19611	88766	29570	
260	870679	20659	82091	26571	
261	875200	21788	80201	22811	
262	874469	23325	81377	20829	
263	870093	24981	85383	19543	
264	862898	26558	90753	19791	
265	853977	28512	96652	20859	
266	844009	30600	103376	22015	
267	832941	32859	110651	23549	
268	821253	34979	118529	25239	
269	808910	37317	126950	26823	
270	795802	39672	135755	28771	
271	783721	40555	144827	30897	
272	772657	41662	152523	33158	
273	762792	42680	159206	35322	
274	754446	43303	164569	37682	
275	747893	43831	168200	40076	
276	743336	44228	171476	40960	
277	739361	44540	174042	42057	
278	736913	44054	175902	43131	
279	736946	42643	176653	43758	
280	739629	40647	175465	44259	
281	743720	39722	171884	44674	
282	750083	37811	167066	45040	
283	761174	33485	160823	44518	
284	774447	30807	151665	43081	
285	788665	28473	141825	41037	
286	803309	25985	130576	40130	
287	820901	22150	118750	38199	
288	839557	19153	107415	33875	
289	855825	17300	95761	31114	
290	869212	17399	84588	28801	
291	879510	18229	76002	26259	
292	885490	20006	72081	22423	
293	885944	21742	72934	19380	
294	881108	24024	77376	17492	
295	872052	26363	84001	17584	
296	860973	28495	92135	18397	
297	848374	30838	100624	20164	
298	835166	33149	109720	21965	
299	821567	35339	118845	24249	
300	809348	36227	127821	26604	
301	797954	37722	135553	28771	
302	787313	39129	142437	31121	
303	777654	40465	148417	33464	
304	769021	41759	153543	35677	
305	761346	42989	159075	36590	
306	753629	43935	164342	38094	
307	747852	43500	169148	39500	
308	744417	42528	172183	40872	
309	742244	42645	172952	42159	
310	741475	42498	172608	43419	
311	741803	42646	171171	44380	
312	743202	42572	170317	43909	
313	747134	39565	170361	42940	
314	751013	38628	167281	43078	
315	754940	38740	163411	42909	
316	758525	38889	159505	43081	
317	763320	37853	155822	43005	
318	768275	37597	154110	40018	
319	770427	37475	153079	39019	
320	771589	37482	151814	39115	
321	776185	34142	150407	39266	
322	780419	34662	146696	38223	
323	783053	35212	143761	37974	
324	784350	36286	141498	37866	
325	784219	37631	140302	37848	
326	782218	39437	143791	34554	
327	774919	41503	148566	35012	
328	765914	43695	154857	35534	
329	757225	43829	162266	36680	
330	748593	44928	168464	38015	
331	740133	46106	173955	39806	
332	732030	47547	178558	41865	
333	724944	48520	182410	44126	
334	720212	48420	187101	44267	
335	716641	47403	190593	45363	
336	715913	45664	191890	46533	
337	717353	44649	190007	47991	
338	721582	43285	186136	48997	
339	728580	41507	181001	48912	
340	737037	40021	175105	47837	
341	746229	38178	169462	46131	
342	754749	37156	162991	45104	
343	763155	36299	156862	43684	
344	770933	35484	151654	41929	
345	777293	35149	147117	40441	
346	782240	35074	144088	38598	
347	784750	35735	142006	37509	
348	784412	37467	141442	36679	
349	781405	39337	143425	35833	
350	775280	41598	147613	35509	
351	766180	44249	154137	35434	
352	755195	46076	162651	36078	
353	743012	47877	171260	37851	
354	732265	48221	179800	39714	
355	722609	48971	186423	41997	
356	715134	49068	191145	44653	
357	710010	49323	194137	46530	
358	707835	48221	195583	48361	
359	709080	46611	195583	48726	
360	714495	42809	193223	49473	
361	723452	40013	186964	49571	
362	737960	34551	177654	49835	
363	757812	29505	163984	48699	
364	781228	24813	146878	47081	
365	806898	20918	128882	43302	
366	833248	16531	109787	40434	
367	859033	14255	91767	34945	
368	880844	12789	76517	29850	
369	897638	12758	64493	25111	
370	908192	14283	56333	21192	
371	912453	16741	54085	16721	
372	909447	19556	56571	14426	
373	901095	22625	63338	12942	
374	887971	25941	73205	12883	
375	871233	29499	84863	14405	
376	852264	33244	97621	16871	
377	831895	37076	111309	19720	
378	811067	40367	125760	22806	
379	789854	43780	140186	26180	
380	768556	47227	154467	29750	
381	749248	48770	168450	33532	
382	731430	51002	180144	37424	
383	716477	51984	190779	40760	
384	704346	52495	198983	44176	
385	695808	52287	204251	47654	
386	693619	49378	207768	49235	
387	696090	46229	206144	51537	
388	706047	41033	200389	52531	
389	721969	36093	188927	53011	
390	741889	32558	172733	52820	
391	765470	28694	155913	49923	
392	789084	25821	138378	46717	
393	811886	23455	123166	41493	
394	831796	21156	110528	36520	
395	849156	18787	99126	32931	
396	865487	16249	89219	29045	
397	879009	15235	79647	26109	
398	890594	14272	71427	23707	
399	900639	13414	64543	21404	
400	908884	12958	59170	18988	
401	914492	13173	55879	16456	
402	916603	14196	53817	15384	
403	916386	15426	53741	14447	
404	913363	17337	55753	13547	
405	907099	19663	60132	13106	
406	897815	22241	66622	13322	
407	886033	24961	74667	14339	
408	872404	27817	84202	15577	
409	856994	30812	94682	17512	
410	840394	33944	105831	19831	
411	822925	37087	117534	22454	
412	805032	40122	129660	25186	
413	786888	43067	141965	28080	
414	770162	44499	154220	31119	
415	754643	46327	164775	34255	
416	740805	47752	174015	37428	
417	732082	45779	181645	40494	
418	726353	45801	184357	43489	
419	724214	45190	185659	44937	
420	725035	43641	184522	46802	
421	730490	40884	180411	48215	
422	740797	37379	175516	46308	
423	752204	34467	167094	46235	
424	764539	33446	156371	45644	
425	777422	32331	146176	44071	
426	789310	31771	137623	41296	
427	798942	31252	132015	37791	
428	805396	31005	128800	34799	
429	809219	30668	126359	33754	
430	812042	30591	124696	32671	
431	813587	30831	123516	32066	
432	814437	30899	123095	31569	
433	814406	31284	122989	31321	
434	814283	31135	123605	30977	
435	814627	30308	124149	30916	
436	817830	27399	123626	31145	
437	819909	28726	120126	31239	
438	820655	30157	117568	31620	
439	820342	31636	116590	31432	
440	817902	33570	117918	30610	
441	812449	35739	124089	27723	
442	801805	38098	131102	28995	
443	790529	40012	139043	30416	
444	779296	41344	147419	31941	
445	767299	43603	155193	33905	
446	755344	45502	163057	36097	
447	743819	47274	170461	38446	
448	733152	48730	177723	40395	
449	722932	50195	185109	41764	
450	712583	51681	191701	44035	
451	703478	52702	197880	45940	
452	697053	51890	203308	47749	
453	696869	47427	206468	49236	
454	699525	46088	203700	50687	
455	704887	44845	198107	52161	
456	712881	43623	190250	53246	
457	722924	42703	181983	52390	
458	732325	42454	177259	47962	
459	738068	41749	173625	46558	
460	743500	40662	170529	45309	
461	748088	40230	167568	44114	
462	751348	40415	165095	43142	
463	752630	41436	163056	42878	
464	751837	43265	162743	42155	
465	748390	45171	165346	41093	
466	741942	47113	170287	40658	
467	733175	49061	176985	40779	
468	723662	49875	184610	41853	
469	715147	49935	191220	43698	
470	708847	49561	195984	45608	
471	706216	47773	198432	47579	
472	707752	45565	197144	49539	
473	713595	43212	192834	50359	
474	724262	39149	186111	50478	
475	738850	35366	175699	50085	
476	756860	31552	163292	48296	
477	778092	26571	149279	46058	
478	801543	22154	132638	43665	
479	825548	19220	115643	39589	
480	848204	16595	99497	35704	
481	869077	14445	84540	31938	
482	887579	13138	72414	26869	
483	901496	12703	63398	22403	
484	910114	13535	56881	19470	
485	914286	15100	53821	16793	
486	913883	17038	54476	14603	
487	909086	19253	58376	13285	
488	900718	21506	64926	12850	
489	889512	23929	72897	13662	
490	876648	26386	81726	15240	
491	862960	28780	91074	17186	
492	848775	31205	100601	19419	
493	834542	33466	110300	21692	
494	820576	35430	119837	24157	
495	807312	37185	128881	26622	
496	794664	39022	137286	29028	
497	782759	40646	145103	31492	
498	772031	41891	152283	33795	
499	762822	42650	158744	35784	
500	755098	43138	164209	37555	
501	748710	43572	168325	39393	
502	744370	43323	171251	41056	
503	741994	43042	172683	42281	
504	741199	42685	173075	43041	
505	741998	41861	172622	43519	
506	744562	40529	170911	43998	
507	750887	37265	168117	43731	
508	760077	34097	162340	43486	
509	772272	30875	153752	43101	
510	786319	28655	142766	42260	
511	801080	27069	130892	40959	
512	819144	22464	120696	37696	
513	835279	21191	109063	34467	
514	848981	20453	99379	31187	
515	860224	19631	91177	28968	
516	868509	20390	83739	27362	
517	873783	21821	81665	22731	
518	872583	23716	82295	21406	
519	868003	25761	85558	20678	
520	860716	27776	91688	19820	
521	849754	30565	99074	20607	
522	836712	33439	107818	22031	
523	821939	36613	117541	23907	
524	805644	39967	128393	25996	
525	788654	42699	140584	28063	
526	770859	45574	152718	30849	
527	753793	47622	164853	33732	
528	738216	48964	175862	36958	
529	724688	50112	184859	40341	
530	714283	50361	192272	43084	
531	709546	47392	197059	46003	
532	708915	46195	196829	48061	
533	710882	45613	194060	49445	
534	714046	45740	189561	50653	
535	718387	45827	184940	50846	
536	722471	46214	183375	47940	
537	723288	46672	183394	46646	
538	721692	47754	184453	46101	
539	718369	48943	186467	46221	
540	715992	48139	189583	46286	
541	715044	46745	191508	46703	
542	714834	46416	191581	47169	
543	715158	46361	190243	48238	
544	717968	44958	187661	49413	
545	722361	44545	184480	48614	
546	725876	44670	182280	47174	
547	727425	45119	180534	46922	
548	728103	45795	179292	46810	
549	727935	46495	180129	45441	
550	725386	47542	182079	44993	
551	722337	47610	184951	45102	
552	718242	48721	187442	45595	
553	713543	49829	190368	46260	
554	708429	50891	193702	46978	
555	703245	51662	197051	48042	
556	698268	52549	201103	48080	
557	693192	52682	204931	49195	
558	688904	52991	207784	50321	
559	685287	53423	209884	51406	
560	683987	52191	211645	52177	
561	684682	50932	211287	53099	
562	688890	48377	209537	53196	
563	695883	45667	204923	53527	
564	706630	42252	197167	53951	
565	720373	39671	187228	52728	
566	733342	39240	175967	51451	
567	745340	38972	166830	48858	
568	754094	39614	160135	46157	
569	758972	40804	157497	42727	
570	759073	42180	158630	40117	
571	755828	42983	161570	39619	
572	751814	43251	165581	39354	
573	747652	43136	169218	39994	
574	745015	42242	171550	41193	
575	745000	40829	171612	42559	
576	748646	38489	169458	43407	
577	754859	36767	164696	43678	
578	762974	35165	158327	43534	
579	772419	33670	151250	42661	
580	782035	32632	144091	41242	
581	790634	32245	138234	38887	
582	797370	31790	133712	37128	
583	803016	31117	130337	35530	
584	807337	30821	127784	34058	
585	810636	30423	125973	32968	
586	813841	29436	124151	32572	
587	817918	28162	121797	32123	
588	822779	26938	118842	31441	
589	827184	26724	114959	31133	
590	830126	27880	111260	30734	
591	831281	29294	109704	29721	
592	829379	31304	110836	28481	
593	823820	33735	115202	27243	
594	814290	36487	122213	27010	
595	801997	39041	130820	28142	
596	788234	41625	140567	29574	
597	773528	44011	150888	31573	
598	759048	45748	161164	34040	
599	746065	46670	170425	36840	
600	735368	47176	178054	39402	
601	726265	48100	183605	42030	
602	720137	47736	187694	44433	
603	715963	48133	189682	46222	
604	715392	46314	191145	47149	
605	716331	45721	190283	47665	
606	718056	45468	187904	48572	
607	720982	45168	185636	48214	
608	724999	43716	182671	48614	
609	730535	42580	180073	46812	
610	737682	39186	176932	46200	
611	745827	37579	170650	45944	
612	755747	35589	163061	45603	
613	765905	35011	154934	44150	
614	775584	34031	147365	43020	
615	784921	33254	142210	39615	
616	791011	33115	137885	37989	
617	795439	33201	135411	35949	
618	796966	34026	133601	35407	
619	796191	35844	133596	34369	
620	792944	37287	136186	33583	
621	786786	39368	140358	33488	
622	779543	40364	146525	33568	
623	771685	41072	152863	34380	
624	763324	42377	158091	36208	
625	755658	43532	163181	37629	
626	748394	44522	167345	39739	
627	741897	45816	171503	40784	
628	737666	44635	176247	41452	
629	733506	45191	178505	42798	
630	729898	45954	180164	43984	
631	727084	46371	181596	44949	
632	724835	46773	182151	46241	
633	723377	47244	184289	45090	
634	722449	45537	186342	45672	
635	724344	43342	185925	46389	
636	728369	41923	182896	46812	
637	735272	39422	178046	47260	
638	743683	38418	170224	47675	
639	753349	37572	163105	45974	
640	761921	36926	157335	43818	
641	769746	35559	152338	42357	
642	777451	34260	148475	39814	
643	783622	33245	144317	38816	
644	788904	33127	139990	37979	
645	792812	33707	136191	37290	
646	794884	34861	134339	35916	
647	793995	36440	134940	34625	
648	791118	37138	138135	33609	
649	786971	37406	142146	33477	
650	781673	38433	145845	34049	
651	776427	38958	149417	35198	
652	771802	39476	151935	36787	
653	768877	39323	154273	37527	
654	767427	38647	156190	37736	
655	767565	37187	156404	38844	
656	771291	34718	154633	39358	
657	778859	31382	149875	39884	
658	790402	27928	141934	39736	
659	804005	25708	131215	39072	
660	818871	23789	119736	37604	
661	834138	21987	108807	35068	
662	848478	20375	99412	31735	
663	861403	18491	91859	28247	
664	872701	16672	84642	25985	
665	884165	14260	77525	24050	
666	895282	12667	69798	22253	
667	905306	12012	62090	20592	
668	913193	12475	55611	18721	
669	919202	12542	51414	16842	
670	923086	12782	49696	14436	
671	922949	14435	49811	12805	
672	918810	16818	52234	12138	
673	911365	19447	56577	12611	
674	901529	22312	63482	12677	
675	888692	25409	73012	12887	
676	873088	28354	83986	14572	
677	856302	31207	95522	16969	
678	839124	33966	107282	19628	
679	821762	36764	118936	22538	
680	804463	39593	130291	25653	
681	787917	41932	141530	28621	
682	771992	44268	152255	31485	
683	757116	46051	162557	34276	
684	743222	47849	171844	37085	
685	730700	49234	180100	39966	
686	719547	50731	187402	42320	
687	710125	51323	193865	44687	
688	703511	50849	199137	46503	
689	699321	50246	202137	48296	
690	699404	47751	203149	49696	
691	701549	47075	200169	51207	
692	706603	45627	195921	51849	
693	713102	44812	190699	51387	
694	720016	43993	185265	50726	
695	727074	43223	181507	48196	
696	733227	41603	177655	47515	
697	740985	39261	173631	46123	
698	749735	36898	168080	45287	
699	761523	33062	160985	44430	
700	776356	29157	150824	43663	
701	791166	28443	138378	42013	
702	804335	28423	127560	39682	
703	815513	28105	119085	37297	
704	822644	29792	114128	33436	
705	823932	31803	114763	29502	
706	819049	34086	118123	28742	
707	810977	36492	123786	28745	
708	800334	39112	132173	28381	
709	788874	39553	141493	30080	
710	776930	41733	149243	32094	
711	764800	43926	156890	34384	
712	752764	46076	164324	36836	
713	741491	47717	171288	39504	
714	731573	49043	179452	39932	
715	720275	50827	186762	42136	
716	709355	52670	193663	44312	
717	698963	54262	200257	46518	
718	688914	56136	206802	48148	
719	678859	57725	213895	49521	
720	677725	50123	220793	51359	
721	686420	42184	218246	53150	
722	696152	42921	206168	54759	
723	706187	44162	192953	56698	
724	716510	45762	179390	58338	
725	726497	47751	175029	50723	
726	726610	50097	180596	42697	
727	716443	52437	187772	43348	
728	706440	52918	196047	44595	
729	696669	53937	203203	46191	
730	689160	53225	209389	48226	
731	683953	52951	212517	50579	
732	682053	51969	213031	52947	
733	686086	48368	212082	53464	
734	693588	45407	206513	54492	
735	704416	43114	198695	53775	
736	718088	39535	188858	53519	
737	735588	35461	176424	52527	
738	755211	32400	163517	48872	
739	774312	29270	150510	45908	
740	792933	26859	136666	43542	
741	811090	24981	123990	39939	
742	829735	20920	113510	35835	
743	846941	18295	102030	32734	
744	864099	15256	91055	29590	
745	878613	14798	79452	27137	
746	890658	14815	69269	25258	
747	900313	15344	63164	21179	
748	904984	16294	60213	18509	
749	905893	17408	61251	15448	
750	902082	19103	63861	14954	
751	896340	20543	68149	14968	
752	888625	22534	73348	15493	
753	879204	24754	79588	16454	
754	868316	27186	86934	17564	
755	855927	29777	95017	19279	
756	842842	32181	104251	20726	
757	829086	34251	113898	22765	
758	815422	36185	123395	24998	
759	802690	37483	132394	27433	
760	790712	39104	140100	30084	
761	779476	41041	147023	32460	
762	768668	42949	153813	34570	
763	758219	44658	160577	36546	
764	748967	45460	167752	37821	
765	739011	47361	174108	39520	
766	728928	49192	180428	41452	
767	719738	50225	186671	43366	
768	710761	51931	192238	45070	
769	701788	53602	198709	45901	
770	692773	54479	204950	47798	
771	684707	55407	210237	49649	
772	681097	52767	215419	50717	
773	679598	51704	216255	52443	
774	681103	50408	214357	54132	
775	686964	47747	210286	55003	
776	696563	44873	202626	55938	
777	709117	42824	194732	53327	
778	719158	42781	185852	52209	
779	727472	43368	178225	50935	
780	734857	43023	173846	48274	
781	739081	43583	171996	45340	
782	739786	44156	172755	43303	
783	737497	45174	174130	43199	
784	734338	45926	175936	43800	
785	730500	47187	178839	43474	
786	726205	47298	182443	44054	
787	723551	46261	185585	44603	
788	723086	44642	186672	45600	
789	725837	42427	185388	46348	
790	731768	39977	180628	47627	
791	741550	37351	173307	47792	
792	753033	35820	164397	46750	
793	764817	34502	155575	45106	
794	775812	33663	147650	42875	
795	785443	32770	141336	40451	
796	793647	31859	136755	37739	
797	800081	30918	132794	36207	
798	805575	30342	129210	34873	
799	810664	29429	125889	34018	
800	814923	29442	122548	33087	
801	817020	30639	120131	32210	
802	816466	32457	119852	31225	
803	812696	34683	121967	30654	
804	805866	37165	127221	29748	
805	795750	39571	134944	29735	
806	783526	41664	143876	30934	
807	770808	43354	153083	32755	
808	758122	45078	161754	35046	
809	747233	45592	169667	37508	
810	738802	45533	175688	39977	
811	732742	45638	179557	42063	
812	729486	44889	181841	43784	
813	728808	44056	181652	45484	
814	731785	42031	180116	46068	
815	737346	39998	176614	46042	
816	744848	38072	170974	46106	
817	755088	35388	164157	45367	
818	767950	32030	155489	44531	
819	784567	27477	145488	42468	
820	802148	24464	132967	40421	
821	820974	21160	119359	38507	
822	841188	17910	105131	35771	
823	861640	14972	91011	32377	
824	880908	12808	78506	27778	
825	898904	9495	66850	24751	
826	915462	7949	55185	21404	
827	929409	7218	45224	18149	
828	939781	7611	37470	15138	
829	946303	8460	32273	12964	
830	949141	9979	31238	9642	
831	946797	11894	33268	8041	
832	940597	14164	37944	7295	
833	931107	16701	44497	7695	
834	919228	19478	52738	8556	
835	905518	22181	62237	10064	
836	890745	24738	72524	11993	
837	875151	27449	83098	14302	
838	859064	30249	93846	16841	
839	842607	33139	104617	19637	
840	826633	35456	115575	22336	
841	810564	38177	126293	24966	
842	794791	40501	137021	27687	
843	779663	42542	147273	30522	
844	765088	44808	156676	33428	
845	753915	44246	166028	35811	
846	744612	44758	172097	38533	
847	737233	45522	176354	40891	
848	731492	46232	179334	42942	
849	728393	45608	180758	45241	
850	727531	45689	182120	44660	
851	726081	45703	183051	45165	
852	725760	45049	183232	45959	
853	730021	41211	182049	46719	
854	737676	38598	177652	46074	
855	746917	36388	170561	46134	
856	758000	34566	161246	46188	
857	770099	33647	150763	45491	
858	782420	32728	143199	41653	
859	791303	32326	137329	39042	
860	797260	32701	133267	36772	
861	800569	33133	131402	34896	
862	801844	33268	130888	34000	
863	800739	34747	131428	33086	
864	797280	36232	133849	32639	
865	791291	38345	137380	32984	
866	783486	40447	142592	33475	
867	774179	42454	149771	33596	
868	762862	44586	157478	35074	
869	751359	46234	165832	36575	
870	739843	47676	173721	38760	
871	730098	48109	180950	40843	
872	721816	48711	186605	42868	
873	715453	48793	190730	45024	
874	711083	48939	193289	46689	
875	708754	48551	194552	48143	
876	709306	47118	194994	48582	
877	712151	45273	193401	49175	
878	717499	43346	189881	49274	
879	726148	40072	184288	49492	
880	737997	37158	175809	49036	
881	753812	32719	165849	47620	
882	771798	29145	153295	45762	
883	790546	26536	139094	43824	
884	809418	24487	125558	40537	
885	826584	22954	112887	37575	
886	841593	22222	103122	33063	
887	852297	22050	96199	29454	
888	857674	23802	91713	26811	
889	857928	26277	91028	24767	
890	853232	29201	94351	23216	
891	844337	31866	101330	22467	
892	832077	34499	111146	22278	
893	817017	37106	121843	24034	
894	801614	39208	132672	26506	
895	786330	41517	142679	29474	
896	772025	43470	152330	32175	
897	758657	45215	161301	34827	
898	746411	46706	169410	37473	
899	735849	47673	176908	39570	
900	727849	47160	183064	41927	
901	722297	47116	186754	43833	
902	719242	46459	188655	45644	
903	719329	45102	188408	47161	
904	723662	42365	185837	48136	
905	731360	39943	181042	47655	
906	740089	38426	173869	47616	
907	750110	37131	165836	46923	
908	761012	35576	157865	45547	
909	771588	34525	151076	42811	
910	779828	34140	145658	40374	
911	786807	32981	141372	38840	
912	791954	33299	137222	37525	
913	794714	34364	134945	35977	
914	797187	33110	134784	34919	
915	795831	35947	133754	34468	
916	790550	39396	136720	33334	
917	780288	43266	142817	33629	
918	766233	47350	151719	34698	
919	749117	51449	165959	33475	
920	727159	55112	181461	36268	
921	705118	57951	197177	39754	
922	683703	60799	211862	43636	
923	664918	61985	225311	47786	
924	649165	63049	235847	51939	
925	637993	62557	243784	55666	
926	635555	57529	248390	58526	
927	641961	51499	245120	61420	
928	660996	41796	234634	62574	
929	687900	35055	213381	63664	
930	722369	28589	185879	63163	
931	761764	23141	156939	58156	
932	799680	19705	128581	52034	
933	832789	18410	106490	42311	
934	856779	17904	89845	35472	
935	873701	18188	79160	28951	
936	882946	19427	74207	23420	
937	885053	21088	73929	19930	
938	881620	23169	76607	18604	
939	874198	25831	81872	18099	
940	863669	28452	89515	18364	
941	850672	31148	98540	19640	
942	835671	34454	108600	21275	
943	819951	36800	119885	23364	
944	804074	39006	130854	26066	
945	790379	39503	141408	28710	
946	778389	40426	149763	31422	
947	768177	41298	155735	34790	
948	760492	42135	160233	37140	
949	754228	43027	163362	39383	
950	749333	43906	166886	39875	
951	744073	44755	170366	40806	
952	739425	45043	173823	41709	
953	736514	44218	176731	42537	
954	735080	43564	177922	43434	
955	735509	42562	177580	44349	
956	739012	40380	175387	45221	
957	745559	38262	170724	45455	
958	754298	36270	164768	44664	
959	764985	33514	157474	44027	
960	777850	30766	148426	42958	
961	792360	28051	138812	40777	
962	806124	26601	128601	38674	
963	819643	24791	118932	36634	
964	832140	23765	110209	33886	
965	842383	23300	103208	31109	
966	850684	22517	98457	28342	
967	854750	23995	94373	26882	
968	855721	25649	93577	25053	
969	852819	27702	95461	24018	
970	846520	30075	99863	23542	
971	837594	32227	107421	22758	
972	825515	34612	115653	24220	
973	812789	36703	124616	25892	
974	799264	39126	133617	27993	
975	785711	41258	142668	30363	
976	772334	43438	151699	32529	
977	759439	45119	160525	34917	
978	748074	45910	168941	37075	
979	738340	46451	175725	39484	
980	730970	46463	180918	41649	
981	727102	45062	183943	43893	
982	727076	43465	183886	45573	
983	730204	41997	181441	46358	
984	735581	40514	176987	46918	
985	743209	38788	171038	46965	
986	752455	37247	164764	45534	
987	762086	35466	158546	43902	
988	771893	33684	152015	42408	
989	782040	31810	145185	40965	
990	793365	29221	138207	39207	
991	805412	26735	130181	37672	
992	817402	25324	121450	35824	
993	828523	24327	113090	34060	
994	838889	23357	105607	32147	
995	847743	22963	99743	29551	
996	853806	23202	95971	27021	
997	855526	25036	93849	25589	
998	853808	27049	94558	24585	
999	848486	29641	98250	23623	
1000	839450	32433	104928	23189	
1001	827047	35373	114159	23421	
1002	812201	38033	124496	25270	
1003	796294	40928	135480	27298	
1004	779518	43796	146767	29919	
1005	762595	46576	158130	32699	
1006	745667	49295	169333	35705	
1007	730256	50769	180595	38380	
1008	717708	50554	190436	41302	
1009	708203	50392	197194	44211	
1010	704099	47874	201010	47017	
1011	705751	44895	199589	49765	
1012	713424	41621	193715	51240	
1013	725970	38180	184782	51068	
1014	740934	35603	172570	50893	
1015	757814	33514	160299	48373	
1016	773915	31774	148918	45393	
1017	789013	29847	139071	42069	
1018	802414	28251	130738	38597	
1019	813779	26876	123386	35959	
1020	824144	25205	116748	33903	
1021	833752	23974	110179	32095	
1022	841548	23967	104306	30179	
1023	845510	25917	100022	28551	
1024	845762	27993	99063	27182	
1025	842379	30295	101851	25475	
1026	834750	32845	108172	24233	
1027	823124	35603	117050	24223	
1028	810020	37076	126736	26168	
1029	797241	38717	135819	28223	
1030	784418	40783	144241	30558	
1031	771907	42726	152179	33188	
1032	760458	44313	159302	35927	
1033	750052	45963	166539	37446	
1034	740195	46901	173785	39119	
1035	731247	47690	179903	41160	
1036	724511	47473	184867	43149	
1037	719878	47362	188027	44733	
1038	716372	47776	189426	46426	
1039	716276	46051	190301	47372	
1040	718386	44803	188662	48149	
1041	722733	43347	185992	47928	
1042	728298	41904	181977	47821	
1043	735997	39651	176105	48247	
1044	745647	38140	169705	46508	
1045	755716	35994	163042	45248	
1046	766594	33888	155689	43829	
1047	777592	32412	147673	42323	
1048	788305	31176	140434	40085	
1049	797536	30484	133470	38510	