%Iteration	Healthy	Infected_1	Infected_2	Dead	
%pHIV=	[5, 1000]	; pINF=	[1, 10000]	

0	995149	4851	0	0	
1	911913	83236	4851	0	
2	636632	275281	88087	0	
3	278614	358018	358517	4851	
4	67369	216044	633299	83288	
5	93704	56109	574062	276125	
6	360759	6281	272153	360807	
7	716960	1048	62390	219602	
8	931291	3126	7329	58254	
9	980500	8456	4174	6870	
10	970133	17178	11582	1107	
11	942064	29167	25634	3135	
12	901385	43782	46345	8488	
13	849736	60055	72949	17260	
14	790801	76021	103837	29341	
15	730738	89123	136076	44063	
16	676841	97503	165144	60512	
17	636838	99912	186626	76624	
18	614254	98440	197415	89891	
19	609217	94013	198352	98418	
20	620397	86231	192453	100919	
21	643124	77206	180244	99426	
22	675137	66439	163437	94987	
23	710894	58257	143645	87204	
24	741636	55574	124696	78094	
25	762687	56231	113831	67251	
26	768544	60723	111805	58928	
27	759842	67107	116954	56097	
28	739683	75708	127830	56779	
29	711224	84692	142815	61269	
30	679432	92430	160400	67738	
31	648690	97822	177122	76366	
32	625877	98413	190252	85458	
33	618264	92219	196235	93282	
34	627165	83421	190632	98782	
35	651719	73203	175640	99438	
36	686977	63117	156624	93282	
37	721416	57925	136320	84339	
38	749439	55472	121042	74047	
39	765244	57489	113397	63870	
40	764115	64365	112961	58559	
41	747963	74100	121854	56083	
42	718793	84711	138465	58031	
43	682170	94102	158811	64917	
44	645345	101094	178813	74748	
45	616601	102758	195196	85445	
46	601186	100003	203852	94959	
47	600891	94322	202761	102026	
48	617678	84221	194325	103776	
49	646060	74414	178543	100983	
50	679559	66484	158635	95322	
51	713428	60494	140898	85180	
52	737070	60664	126978	75288	
53	746776	64816	121158	67250	
54	742245	71136	125480	61139	
55	724483	78307	135952	61258	
56	701162	83972	149443	65423	
57	678128	87792	162279	71801	
58	660568	88649	171764	79019	
59	651569	87232	176441	84758	
60	651792	83668	175881	88659	
61	660295	79300	170900	89505	
62	672509	76425	162968	88098	
63	686704	73096	155725	84475	
64	698908	71452	149521	80119	
65	705761	72482	144548	77209	
66	707056	75151	143934	73859	
67	702188	77997	147633	72182	
68	691127	82542	153148	73183	
69	677235	86342	160539	75884	
70	663532	88790	168884	78794	
71	651492	90037	175132	83339	
72	644455	89484	178827	87234	
73	642845	88002	179521	89632	
74	644945	86634	177486	90935	
75	650478	84517	174636	90369	
76	654919	85059	171151	88871	
77	656806	86105	169576	87513	
78	654814	88630	171164	85392	
79	647792	91596	174735	85877	
80	638817	94003	180226	86954	
81	629736	95105	185599	89560	
82	622581	95841	189108	92470	
83	618520	95601	190946	94933	
84	619471	93046	191442	96041	
85	625329	89198	188647	96826	
86	635884	85297	182244	96575	
87	648993	82470	174495	94042	
88	660283	81846	167767	90104	
89	666627	82912	164316	86145	
90	667476	84425	164758	83341	
91	664624	85384	167337	82655	
92	659418	86994	169809	83779	
93	653229	89158	172378	85235	
94	648007	89594	176152	86247	
95	646041	87346	178752	87861	
96	648369	84610	176940	90081	
97	655999	81509	171956	90536	
98	667178	78462	166119	88241	
99	678982	75515	159971	85532	
100	689006	74612	153977	82405	
101	694967	75590	150127	79316	
102	695898	77576	150202	76324	
103	692062	79350	153166	75422	
104	684559	82190	156926	76325	
105	675704	84482	161540	78274	
106	668180	84995	166672	80153	
107	662767	84801	169477	82955	
108	662520	82408	169796	85276	
109	665871	81051	167209	85869	
110	670342	80584	163459	85615	
111	676414	78720	161635	83231	
112	679758	79035	159304	81903	
113	679233	81594	157755	81418	
114	677015	82821	160629	79535	
115	670665	85081	164415	79839	
116	662284	87435	167902	82379	
117	654308	89502	172516	83674	
118	646318	90826	176937	85919	
119	640859	90541	180328	88272	
120	638480	89790	181367	90363	
121	640621	87289	180331	91759	
122	646201	85306	177079	91414	
123	652841	83869	172595	90695	
124	658475	84142	169175	88208	
125	660234	85605	168011	86150	
126	658512	87003	169747	84738	
127	652960	89400	172608	85032	
128	646068	91048	176403	86481	
129	638837	92798	180448	87917	
130	631533	94335	183846	90286	
131	625532	95382	187133	91953	
132	620654	95929	189717	93700	
133	617349	96126	191311	95214	
134	618266	93349	192055	96330	
135	623625	90025	189475	96875	
136	630569	88958	183374	97099	
137	636792	89909	178983	94316	
138	636952	93252	178867	90929	
139	630071	96916	183161	89852	
140	619189	99844	190168	90799	
141	606232	102827	196760	94181	
142	594930	104583	202671	97816	
143	586950	104822	207410	100818	
144	581653	105082	209405	103860	
145	579694	104798	209904	105604	
146	579188	105014	209880	105918	
147	578874	105217	209812	106097	
148	578869	105059	210231	105841	
149	579427	104265	210276	106032	
150	581850	102659	209324	106167	
151	584882	102045	206924	106149	
152	588962	101013	204704	105321	
153	592954	100263	203058	103725	
154	594363	101243	201276	103118	
155	595006	101481	201506	102007	
156	593660	102314	202724	101302	
157	588919	105068	203795	102218	
158	580781	109328	207382	102509	
159	568005	114232	214396	103367	
160	551821	118470	223560	106149	
161	533731	123141	232702	110426	
162	516464	126586	241611	115339	
163	500319	130261	249727	119693	
164	485033	133842	256847	124278	
165	472970	135055	264103	127872	
166	463583	136003	268897	131517	
167	457984	135793	271058	135165	
168	457814	133984	271796	136406	
169	459424	133387	269777	137412	
170	461627	133775	267371	137227	
171	463052	134412	267162	135374	
172	459843	137238	268187	134732	
173	451834	141449	271650	135067	
174	439696	145873	278687	135744	
175	424431	149662	287322	138585	
176	409530	152035	295535	142900	
177	398389	152629	301697	147285	
178	390996	153167	304664	151173	
179	386576	154058	305796	153570	
180	382003	156606	307225	154166	
181	374457	160179	310664	154700	
182	365101	162456	316785	155658	
183	350973	168197	322635	158195	
184	334739	172844	330653	161764	
185	317697	177188	341041	164074	
186	300564	179524	350032	169880	
187	303123	165703	356712	174462	
188	307179	168632	345227	178962	
189	310966	173327	334335	181372	
190	311169	179430	341959	167442	
191	291319	185618	352757	170306	
192	287976	171936	365048	175040	
193	282575	178635	357554	181236	
194	277036	184967	350571	187426	
195	270875	191673	363602	173850	
196	245185	197776	376640	180399	
197	247814	175992	389449	186745	
198	253349	179366	373768	193517	
199	260411	184541	355358	199690	
200	265464	192553	363907	178076	
201	241257	200544	377094	181105	
202	240896	179721	393097	186286	
203	239772	185587	380265	194376	
204	239627	192570	365308	202495	
205	239438	200626	378157	181779	
206	210572	208724	393196	187508	
207	209178	187061	409350	194411	
208	210478	191109	395785	202628	
209	216061	195002	378170	210767	
210	223561	201089	386111	189239	
211	203438	207433	396091	193038	
212	208427	186159	408522	196892	
213	212348	190968	393592	203092	
214	216969	196430	377127	209474	
215	220501	203882	387398	188219	
216	195718	211103	400312	192867	
217	197296	189367	414985	198352	
218	201144	192516	400470	205870	
219	208331	196581	381883	213205	
220	216256	203206	389097	191441	
221	195400	210314	399787	194499	
222	198816	189224	413520	198440	
223	202104	193205	399538	205153	
224	207465	197622	382429	212484	
225	213539	204226	390827	191408	
226	191813	211305	401848	195034	
227	194562	190335	415531	199572	
228	198575	193538	401640	206247	
229	204979	197758	383873	213390	
230	211969	204209	391296	192526	
231	191325	211158	401967	195550	
232	194301	190597	415367	199735	
233	198496	193588	401755	206161	
234	204831	197786	384185	213198	
235	211798	204077	391374	192751	
236	191600	211042	401863	195495	
237	194308	190886	415119	199687	
238	198344	193587	401928	206141	
239	204820	197598	384473	213109	
240	211859	204049	391185	192907	
241	191763	211056	401647	195534	
242	194266	191064	415105	199565	
243	198292	193579	402120	206009	
244	204657	197588	384643	213112	
245	211726	203936	391167	193171	
246	192031	210951	401524	195494	
247	194140	191389	414887	199584	
248	198209	193538	402340	205913	
249	204418	197615	384927	213040	
250	211511	203781	391153	193555	
251	192334	210783	401396	195487	
252	194183	191698	414564	199555	
253	198224	193571	402481	205724	
254	204311	197598	385269	212822	
255	211426	203636	391169	193769	
256	192594	210728	401234	195444	
257	194045	191946	414364	199645	
258	198288	193391	402674	205647	
259	204290	197584	385337	212789	
260	211377	203561	390975	194087	
261	192963	210591	401145	195301	
262	194185	192229	414152	199434	
263	198237	193439	402820	205504	
264	204224	197496	385668	212612	
265	211236	203457	390935	194372	
266	193254	210447	400953	195346	
267	194049	192504	413904	199543	
268	198288	193302	402951	205459	
269	204195	197533	385806	212466	
270	211099	203435	390835	194631	
271	193540	210310	400968	195182	
272	193958	192823	413745	199474	
273	198190	193286	403133	205391	
274	204083	197499	386109	212309	
275	210872	203376	390785	194967	
276	193810	210111	400875	195204	
277	193961	193077	413487	199475	
278	198146	193219	403188	205447	
279	204164	197413	386296	212127	
280	210795	203397	390632	195176	
281	194011	209995	400810	195184	
282	193964	193279	413392	199365	
283	198021	193231	403274	205474	
284	204031	197305	386510	212154	
285	210664	203310	390536	195490	
286	194316	209878	400615	195191	
287	193989	193539	413188	199284	
288	197988	193223	403417	205372	
289	204141	197193	386762	211904	
290	210587	203318	390416	195679	
291	194558	209763	400511	195168	
292	194005	193764	413081	199150	
293	197980	193206	403527	205287	
294	204135	197173	386970	211722	
295	210384	203303	390379	195934	
296	194832	209518	400476	195174	
297	194038	194074	412821	199067	
298	197742	193279	403592	205387	
299	204028	197011	387353	211608	
300	210167	203292	390290	196251	
301	195125	209390	400303	195182	
302	193986	194367	412682	198965	
303	197818	193198	403757	205227	
304	203946	197041	387565	211448	
305	210126	203145	390239	196490	
306	195262	209297	400186	195255	
307	194098	194461	412442	198999	
308	197845	193279	403758	205118	
309	203835	197046	387740	211379	
310	210151	203015	390325	196509	
311	195424	209287	400061	195228	
312	194077	194651	412302	198970	
313	197693	193360	403938	205009	
314	203743	196959	388011	211287	
315	209992	202941	390319	196748	
316	195622	209192	399900	195286	
317	194038	194914	412133	198915	
318	197513	193338	404106	205043	
319	203708	196788	388252	211252	
320	209930	202955	390126	196989	
321	195799	209138	399743	195320	
322	194149	195049	412093	198709	
323	197486	193402	404187	204925	
324	203649	196702	388451	211198	
325	209915	202833	390104	197148	
326	196116	209053	399535	195296	
327	194143	195311	411886	198660	
328	197489	193339	404364	204808	
329	203600	196668	388650	211082	
330	209864	202728	390007	197401	
331	196288	208968	399396	195348	
332	194283	195418	411696	198603	
333	197368	193456	404386	204790	
334	203560	196555	388874	211011	
335	209728	202734	390011	197527	
336	196347	208884	399289	195480	
337	194327	195501	411618	198554	
338	197438	193477	404385	204700	
339	203410	196657	388978	210955	
340	209586	202618	390134	197662	
341	196434	208800	399275	195491	
342	194285	195631	411418	198666	
343	197472	193460	404431	204637	
344	203424	196612	389091	210873	
345	209759	202489	390072	197680	
346	196672	208840	399101	195387	
347	194382	195724	411329	198565	
348	197447	193448	404564	204541	
349	203490	196516	389172	210822	
350	209734	202520	389964	197782	
351	196745	208771	399036	195448	
352	194465	195808	411291	198436	
353	197471	193503	404579	204447	
354	203338	196551	389311	210800	
355	209693	202345	390054	197908	
356	196961	208659	398896	195484	
357	194523	195972	411004	198501	
358	197422	193597	404631	204350	
359	203131	196541	389569	210759	
360	209555	202226	390138	198081	
361	197040	208616	398767	195577	
362	194619	196137	410842	198402	
363	197186	193756	404753	204305	
364	203108	196357	389893	210642	
365	209345	202285	390113	198257	
366	197010	208499	398642	195849	
367	194779	196163	410784	198274	
368	197081	193996	404662	204261	
369	202955	196331	390159	210555	
370	209223	202225	390327	198225	
371	196994	208442	398556	196008	
372	194809	196204	410667	198320	
373	197133	194061	404646	204160	
374	202914	196320	390265	210501	
375	209237	202145	390381	198237	
376	197099	208450	398465	195986	
377	194786	196391	410595	198228	
378	196954	194128	404841	204077	
379	202671	196329	390519	210481	
380	209043	202021	390457	198479	
381	197088	208413	398350	196149	
382	194750	196502	410434	198314	
383	196940	194120	404915	204025	
384	202623	196262	390622	210493	
385	209085	201913	390382	198620	
386	197429	208365	398175	196031	
387	194764	196741	410278	198217	
388	196855	194087	405106	203952	
389	202527	196147	390828	210498	
390	209121	201775	390234	198870	
391	197690	208324	397922	196064	
392	194844	196902	410099	198155	
393	196954	194057	405226	203763	
394	202458	196173	390959	210410	
395	209033	201678	390230	199059	
396	197860	208219	397851	196070	
397	194862	197087	409897	198154	
398	196877	194144	405306	203673	
399	202293	196201	391231	210275	
400	208806	201578	390345	199271	
401	197933	208119	397779	196169	
402	194931	197242	409697	198130	
403	196855	194260	405361	203524	
404	202149	196218	391502	210131	
405	208699	201470	390478	199353	
406	198144	207990	397688	196178	
407	194939	197420	409460	198181	
408	196961	194230	405410	203399	
409	202036	196289	391650	210025	
410	208524	201360	390519	199597	
411	198370	207779	397649	196202	
412	195003	197649	409139	198209	
413	196852	194307	405428	203413	
414	202053	196137	391956	209854	
415	208599	201323	390444	199634	
416	198372	207859	397460	196309	
417	194954	197728	409182	198136	
418	196741	194330	405587	203342	
419	202005	196048	392058	209889	
420	208489	201299	390378	199834	
421	198532	207755	397347	196366	
422	195071	197835	409054	198040	
423	196657	194411	405590	203342	
424	201910	195990	392246	209854	
425	208381	201262	390401	199956	
426	198686	207684	397252	196378	
427	195116	198036	408946	197902	
428	196605	194472	405720	203203	
429	201798	195941	392508	209753	
430	208301	201123	390413	200163	
431	198822	207614	397064	196500	
432	195191	198154	408737	197918	
433	196553	194538	405768	203141	
434	201817	195925	392692	209566	
435	208139	201149	390463	200249	
436	198953	207471	397074	196502	
437	195149	198326	408620	197905	
438	196645	194491	405797	203067	
439	201616	196033	392817	209534	
440	207996	201009	390524	200471	
441	199082	207389	397042	196487	
442	195148	198467	408398	197987	
443	196714	194514	405856	202916	
444	201558	196083	392981	209378	
445	207988	200902	390597	200513	
446	199117	207330	396985	196568	
447	195200	198474	408232	198094	
448	196779	194610	405804	202807	
449	201318	196214	393084	209384	
450	207870	200744	390824	200562	
451	199241	207253	396958	196548	
452	195201	198629	407997	198173	
453	196866	194544	405882	202708	
454	201254	196240	393173	209333	
455	207835	200617	390784	200764	
456	199380	207190	396857	196573	
457	195250	198716	407807	198227	
458	196857	194667	405906	202570	
459	201097	196240	393383	209280	
460	207876	200455	390907	200762	
461	199478	207188	396695	196639	
462	195324	198771	407643	198262	
463	196949	194634	405959	202458	
464	201244	196246	393405	209105	
465	207643	200554	390880	200923	
466	199619	206951	396800	196630	
467	195360	198967	407505	198168	
468	196820	194711	405918	202551	
469	201163	196150	393678	209009	
470	207499	200572	390861	201068	
471	199616	206866	396722	196796	
472	195430	198957	407438	198175	
473	196896	194779	405823	202502	
474	201103	196246	393736	208915	
475	207497	200436	391025	201042	
476	199736	206804	396682	196778	
477	195471	199092	407240	198197	
478	196933	194830	405896	202341	
479	200950	196242	393922	208886	
480	207449	200305	391072	201174	
481	199871	206755	396547	196827	
482	195576	199184	407060	198180	
483	196910	194882	405939	202269	
484	200854	196237	394066	208843	
485	207336	200219	391119	201326	
486	199963	206655	396456	196926	
487	195608	199305	406874	198213	
488	196896	194944	405960	202200	
489	200855	196200	394249	208696	
490	207284	200156	391144	201416	
491	200047	206582	396356	197015	
492	195654	199402	406738	198206	
493	196921	195027	405984	202068	
494	200674	196274	394429	208623	
495	207184	200038	391301	201477	
496	200079	206508	396312	197101	
497	195755	199459	406546	198240	
498	196928	195105	405967	202000	
499	200613	196282	394564	208541	
500	207115	199949	391387	201549	
501	200151	206459	396231	197159	
502	195770	199575	406408	198247	
503	196917	195167	406034	201882	
504	200393	196328	394742	208537	
505	207081	199776	391495	201648	
506	200332	206407	396104	197157	
507	195922	199686	406183	198209	
508	196887	195309	406093	201711	
509	200303	196307	394995	208395	
510	206937	199745	391616	201702	
511	200245	206343	396052	197360	
512	195980	199683	406088	198249	
513	196838	195372	406026	201764	
514	200327	196256	395055	208362	
515	206982	199699	391628	201691	
516	200299	206356	395955	197390	
517	196032	199738	406055	198175	
518	196817	195465	406094	201624	
519	200137	196237	395203	208423	
520	206942	199506	391702	201850	
521	200475	206273	395743	197509	
522	196219	199853	405779	198149	
523	196816	195585	406126	201473	
524	200002	196208	395438	208352	
525	206875	199389	391793	201943	
526	200670	206148	395597	197585	
527	196365	199967	405537	198131	
528	196841	195691	406115	201353	
529	199987	196161	395658	208194	
530	206770	199323	391852	202055	
531	200710	206075	395484	197731	
532	196427	200059	405398	198116	
533	196818	195782	406134	201266	
534	199893	196179	395841	208087	
535	206658	199238	391961	202143	
536	200866	205946	395417	197771	
537	196401	200167	405184	198248	
538	196946	195758	406113	201183	
539	199742	196347	395925	207986	
540	206571	199127	392105	202197	
541	200798	205953	395474	197775	
542	196346	200247	405080	198327	
543	197011	195732	406200	201057	
544	199669	196390	395979	207962	
545	206424	199070	392122	202384	
546	200972	205820	395460	197748	
547	196419	200317	404890	198374	
548	196966	195785	406137	201112	
549	199749	196350	396102	207799	
550	206450	199095	392135	202320	
551	200894	205812	395445	197849	
552	196426	200347	404907	198320	
553	196856	195847	406159	201138	
554	199687	196275	396194	207844	
555	206372	199145	392122	202361	
556	200928	205792	395420	197860	
557	196467	200359	404937	198237	
558	196807	195880	406151	201162	
559	199742	196215	396239	207804	
560	206464	199124	392095	202317	
561	200961	205817	395339	197883	
562	196477	200366	404941	198216	
563	196793	195891	406183	201133	
564	199736	196223	396257	207784	
565	206375	199145	392114	202366	
566	200911	205830	395368	197891	
567	196417	200402	404975	198206	
568	196733	195897	406232	201138	
569	199584	196238	396299	207879	
570	206296	199004	392135	202565	
571	201138	205691	395242	197929	
572	196631	200559	404695	198115	
573	196716	196039	406250	200995	
574	199607	196148	396598	207647	
575	206203	199048	392187	202562	
576	201127	205620	395196	198057	
577	196591	200589	404668	198152	
578	196598	196093	406209	201100	
579	199629	196046	396682	207643	
580	206129	199047	392139	202685	
581	201217	205484	395093	198206	
582	196744	200668	404531	198057	
583	196682	196137	406152	201029	
584	199622	196074	396805	207499	
585	206020	199092	392211	202677	
586	201228	205439	395166	198167	
587	196693	200665	404531	198111	
588	196748	196166	406104	200982	
589	199630	196164	396831	207375	
590	205836	199058	392330	202776	
591	201337	205266	395222	198175	
592	196816	200763	404324	198097	
593	196693	196223	406029	201055	
594	199607	196082	396986	207325	
595	205871	199027	392305	202797	
596	201280	205330	395109	198281	
597	196749	200766	404357	198128	
598	196723	196188	406096	200993	
599	199587	196131	396954	207328	
600	205881	199009	392319	202791	
601	201428	205263	395140	198169	
602	196722	200917	404272	198089	
603	196673	196185	406180	200962	
604	199427	196159	397102	207312	
605	205764	198973	392344	202919	
606	201454	205193	395132	198221	
607	196771	200911	404166	198152	
608	196617	196273	406104	201006	
609	199535	196074	397184	207207	
610	205573	199003	392347	203077	
611	201566	205015	395077	198342	
612	196911	201014	404018	198057	
613	196684	196362	406029	200925	
614	199507	196110	397376	207007	
615	205475	198987	392472	203066	
616	201598	204931	395097	198374	
617	196860	201128	403918	198094	
618	196611	196358	406059	200972	
619	199566	196091	397486	206857	
620	205341	199060	392449	203150	
621	201612	204814	395151	198423	
622	197031	201081	403874	198014	
623	196490	196481	405895	201134	
624	199716	195934	397562	206788	
625	205274	199147	392415	203164	
626	201642	204722	395081	198555	
627	197123	201150	403869	197858	
628	196423	196596	405872	201109	
629	199730	195891	397746	206633	
630	205080	199209	392487	203224	
631	201654	204548	395100	198698	
632	197221	201157	403757	197865	
633	196426	196681	405705	201188	
634	199701	195905	397838	206556	
635	204986	199195	392586	203233	
636	201709	204472	395100	198719	
637	197257	201202	403667	197874	
638	196397	196752	405674	201177	
639	199725	195859	397954	206462	
640	204892	199202	392611	203295	
641	201859	204359	395061	198721	
642	197273	201324	403561	197842	
643	196398	196807	405683	201112	
644	199511	195923	398131	206435	
645	204884	199051	392730	203335	
646	201798	204341	394974	198887	
647	197405	201281	403392	197922	
648	196380	196889	405622	201109	
649	199540	195901	398170	206389	
650	204739	199062	392790	203409	
651	201826	204204	394963	199007	
652	197536	201345	403266	197853	
653	196334	197037	405549	201080	
654	199594	195847	398382	206177	
655	204575	199093	392884	203448	
656	202023	204032	394940	199005	
657	197523	201481	403125	197871	
658	196366	197034	405513	201087	
659	199566	195890	398515	206029	
660	204585	199046	392924	203445	
661	202000	204023	394936	199041	
662	197574	201481	403069	197876	
663	196402	197060	405504	201034	
664	199551	195907	398541	206001	
665	204471	199052	392967	203510	
666	201954	203970	394959	199117	
667	197526	201514	403022	197938	
668	196503	197044	405484	200969	
669	199441	196016	398558	205985	
670	204359	198962	393060	203619	
671	202036	203875	394978	199111	
672	197634	201572	402837	197957	
673	196469	197170	405447	200914	
674	199337	195994	398742	205927	
675	204318	198860	393164	203658	
676	202164	203835	394854	199147	
677	197553	201733	402695	198019	
678	196494	197093	405568	200845	
679	199238	196030	398826	205906	
680	204273	198820	393123	203784	
681	202356	203739	394850	199055	
682	197687	201861	402559	197893	
683	196401	197228	405600	200771	
684	199201	195960	399089	205750	
685	204178	198718	393188	203916	
686	202384	203674	394678	199264	
687	197664	201953	402392	197991	
688	196510	197185	405627	200678	
689	199089	196071	399138	205702	
690	204069	198639	393256	204036	
691	202407	203605	394710	199278	
692	197721	201968	402244	198067	
693	196505	197245	405573	200677	
694	199189	196052	399213	205546	
695	203965	198691	393297	204047	
696	202476	203510	394743	199271	
697	197802	202012	402201	197985	
698	196487	197352	405522	200639	
699	199050	196047	399364	205539	
700	203939	198625	393399	204037	
701	202474	203481	394672	199373	
702	197925	202031	402106	197938	
703	196341	197491	405512	200656	
704	199078	195876	399522	205524	
705	203985	198545	393367	204103	
706	202542	203504	394421	199533	
707	197933	202129	402049	197889	
708	196288	197486	405633	200593	
709	199091	195810	399615	205484	
710	203873	198610	393296	204221	
711	202600	203401	394420	199579	
712	197988	202163	402011	197838	
713	196292	197545	405564	200599	
714	199096	195855	399708	205341	
715	203731	198634	393400	204235	
716	202661	203292	394489	199558	
717	197995	202305	401926	197774	
718	196216	197603	405597	200584	
719	198987	195836	399908	205269	
720	203764	198524	393439	204273	
721	202723	203305	394360	199612	
722	198157	202269	401829	197745	
723	196321	197678	405574	200427	
724	198766	195893	399947	205394	
725	203761	198351	393571	204317	
726	202721	203320	394244	199715	
727	198096	202324	401671	197909	
728	196270	197701	405644	200385	
729	198818	195871	400025	205286	
730	203665	198381	393572	204382	
731	202709	203197	394252	199842	
732	198206	202273	401578	197943	
733	196383	197749	405470	200398	
734	198834	195947	400022	205197	
735	203461	198431	393696	204412	
736	202742	203034	394378	199846	
737	198286	202301	401465	197948	
738	196323	197881	405335	200461	
739	198949	195921	400182	204948	
740	203383	198522	393802	204293	
741	202733	202929	394443	199895	
742	198321	202327	401451	197901	
743	196385	197904	405256	200455	
744	198862	195990	400231	204917	
745	203243	198494	393894	204369	
746	202690	202815	394484	200011	
747	198438	202313	401309	197940	
748	196320	198047	405128	200505	
749	198863	195916	400360	204861	
750	203178	198471	393963	204388	
751	202719	202760	394387	200134	
752	198525	202317	401231	197927	
753	196403	198097	405077	200423	
754	198746	196042	400414	204798	
755	203201	198324	394139	204336	
756	202784	202742	394366	200108	
757	198518	202376	401066	198040	
758	196424	198098	405118	200360	
759	198797	196006	400474	204723	
760	203124	198379	394104	204393	
761	202759	202704	394385	200152	
762	198526	202390	401083	198001	
763	196444	198118	405094	200344	
764	198710	196051	400508	204731	
765	203124	198305	394169	204402	
766	202858	202701	394356	200085	
767	198375	202479	401006	198140	
768	196497	198053	405180	200270	
769	198598	196119	400532	204751	
770	203015	198243	394172	204570	
771	202988	202591	394362	200059	
772	198431	202615	400834	198120	
773	196490	198078	405206	200226	
774	198578	196106	400693	204623	
775	202929	198207	394184	204680	
776	203060	202507	394313	200120	
777	198413	202719	400714	198154	
778	196480	198039	405226	200255	
779	198669	196083	400758	204490	
780	202852	198291	394122	204735	
781	203177	202437	394374	200012	
782	198336	202836	400728	198100	
783	196416	198013	405273	200298	
784	198776	196028	400849	204347	
785	202666	198398	394041	204895	
786	203309	202222	394426	200043	
787	198436	202909	400620	198035	
788	196388	198045	405131	200436	
789	198846	195980	400954	204220	
790	202681	198445	394025	204849	
791	203242	202230	394425	200103	
792	198552	202812	400675	197961	
793	196286	198166	405042	200506	
794	198837	195918	400978	204267	
795	202509	198490	394084	204917	
796	203201	202171	394408	200220	
797	198685	202828	400661	197826	
798	196296	198316	404999	200389	
799	198753	195920	401144	204183	
800	202552	198394	394236	204818	
801	203198	202152	394314	200336	
802	198695	202843	400546	197916	
803	196260	198341	404995	200404	
804	198688	195902	401184	204226	
805	202583	198312	394243	204862	
806	203226	202160	394214	200400	
807	198771	202865	400472	197892	
808	196278	198433	405025	200264	
809	198594	195943	401298	204165	
810	202552	198214	394376	204858	
811	203145	202206	394157	200492	
812	198879	202796	400420	197905	
813	196329	198496	405002	200173	
814	198481	196013	401292	204214	
815	202554	198123	394509	204814	
816	203185	202191	394136	200488	
817	198823	202875	400314	197988	
818	196408	198450	405066	200076	
819	198429	196053	401325	204193	
820	202453	198061	394503	204983	
821	203289	202116	394114	200481	
822	198799	202946	400177	198078	
823	196435	198456	405062	200047	
824	198450	196068	401402	204080	
825	202452	198058	394524	204966	
826	203325	202068	394126	200481	
827	198782	202968	400126	198124	
828	196501	198431	405036	200032	
829	198414	196160	401399	204027	
830	202362	198094	394591	204953	
831	203272	202001	394254	200473	
832	198823	202928	400095	198154	
833	196582	198463	404929	200026	
834	198441	196176	401391	203992	
835	202448	198050	394639	204863	
836	203381	202008	394226	200385	
837	198717	203006	400058	198219	
838	196606	198373	405014	200007	
839	198355	196243	401379	204023	
840	202279	198008	394616	205097	
841	203336	201883	394251	200530	
842	198896	202940	399891	198273	
843	196695	198532	404823	199950	
844	198337	196299	401472	203892	
845	202169	197966	394831	205034	
846	203348	201800	394265	200587	
847	198889	203026	399766	198319	
848	196662	198547	404826	199965	
849	198369	196316	401573	203742	
850	202015	198038	394863	205084	
851	203445	201665	394354	200536	
852	198903	203097	399703	198297	
853	196701	198531	404762	200006	
854	198451	196316	401628	203605	
855	201906	198092	394847	205155	
856	203465	201537	394408	200590	
857	198931	203105	399629	198335	
858	196718	198601	404642	200039	
859	198374	196382	401706	203538	
860	201973	197970	394983	205074	
861	203405	201597	394352	200646	
862	198908	203081	399567	198444	
863	196838	198580	404678	199904	
864	198304	196513	401661	203522	
865	201797	198011	395093	205099	
866	203366	201467	394524	200643	
867	198983	203020	399478	198519	
868	196896	198652	404487	199965	
869	198336	196562	401672	203430	
870	201670	197978	395214	205138	
871	203466	201326	394540	200668	
872	198991	203117	399304	198588	
873	196932	198691	404443	199934	
874	198215	196639	401808	203338	
875	201635	197891	395330	205144	
876	203443	201314	394530	200713	
877	199106	203116	399205	198573	
878	196935	198749	404430	199886	
879	198145	196613	401865	203377	
880	201710	197801	395362	205127	
881	203339	201374	394414	200873	
882	199197	203035	399175	198593	
883	196898	198877	404409	199816	
884	198171	196585	401912	203332	
885	201574	197849	395462	205115	
886	203371	201212	394434	200983	
887	199306	203048	399061	198585	
888	196888	198992	404260	199860	
889	198177	196584	402040	203199	
890	201483	197874	395576	205067	
891	203329	201154	394458	201059	
892	199420	203044	399028	198508	
893	196871	199107	404198	199824	
894	198124	196546	402151	203179	
895	201475	197789	395653	205083	
896	203298	201170	394335	201197	
897	199432	203002	398959	198607	
898	196933	199134	404172	199761	
899	198095	196637	402136	203132	
900	201394	197763	395771	205072	
901	203338	201065	394400	201197	
902	199599	202995	398828	198578	
903	196928	199234	404060	199778	
904	198031	196602	402229	203138	
905	201424	197681	395836	205059	
906	203450	201064	394283	201203	
907	199516	203110	398745	198629	
908	196979	199178	404174	199669	
909	198045	196604	402288	203063	
910	201469	197690	395782	205059	
911	203391	201076	394294	201239	
912	199574	203071	398766	198589	
913	196929	199241	404147	199683	
914	198073	196596	402312	203019	
915	201306	197733	395837	205124	
916	203456	200976	394329	201239	
917	199622	203109	398709	198560	
918	196809	199366	404085	199740	
919	198026	196515	402475	202984	
920	201310	197746	395881	205063	
921	203318	201003	394261	201418	
922	199785	203013	398749	198453	
923	196768	199490	404016	199726	
924	197902	196499	402503	203096	
925	201384	197582	395989	205045	
926	203314	201010	394081	201595	
927	199893	202987	398592	198528	
928	196876	199558	403997	199569	
929	197881	196580	402545	202994	
930	201305	197589	396138	204968	
931	203248	201022	394169	201561	
932	199778	202971	398611	198640	
933	196973	199454	403993	199580	
934	197840	196663	402425	203072	
935	201412	197521	396117	204950	
936	203264	201114	394184	201438	
937	199635	202969	398635	198761	
938	197047	199349	404083	199521	
939	197826	196755	402318	203101	
940	201497	197505	396104	204894	
941	203126	201202	394260	201412	
942	199628	202863	398707	198802	
943	197121	199313	404065	199501	
944	197808	196820	402176	203196	
945	201436	197489	396133	204942	
946	203154	201144	394309	201393	
947	199638	202827	398633	198902	
948	197172	199347	403971	199510	
949	197808	196861	402174	203157	
950	201453	197473	396208	204866	
951	203095	201130	394334	201441	
952	199782	202775	398603	198840	
953	197087	199473	403905	199535	
954	197859	196773	402248	203120	
955	201428	197522	396246	204804	
956	203073	201109	394295	201523	
957	199736	202788	398631	198845	
958	197091	199477	403897	199535	
959	197841	196818	402265	203076	
960	201311	197558	396295	204836	
961	203042	201028	394376	201554	
962	199875	202743	398586	198796	
963	197144	199546	403771	199539	
964	197904	196811	402289	202996	
965	201313	197561	396357	204769	
966	203012	200984	394372	201632	
967	199918	202742	398545	198795	
968	197124	199618	403726	199532	
969	197854	196842	402360	202944	
970	201197	197542	396460	204801	
971	202979	200892	394384	201745	
972	200029	202683	398434	198854	
973	197182	199737	403575	199506	
974	197905	196866	402420	202809	
975	201090	197603	396603	204704	
976	202955	200765	394469	201811	
977	200132	202660	398368	198840	
978	197230	199816	403425	199529	
979	197748	196957	402476	202819	
980	201121	197445	396773	204661	
981	202932	200836	394402	201830	
982	200025	202678	398281	199016	
983	197303	199740	403514	199443	
984	197796	197001	402418	202785	
985	201114	197467	396741	204678	
986	203015	200799	394468	201718	
987	200112	202699	398266	198923	
988	197199	199844	403498	199459	
989	197707	196935	402543	202815	
990	201104	197406	396779	204711	
991	202861	200833	394341	201965	
992	200194	202617	398239	198950	
993	197217	199936	403450	199397	
994	197702	196963	402553	202782	
995	201115	197372	396899	204614	
996	202842	200834	394335	201989	
997	200309	202529	398206	198956	
998	197291	200033	403363	199313	
999	197625	196982	402562	202831	
1000	201121	197322	397015	204542	
1001	202800	200841	394304	202055	
1002	200249	202532	398163	199056	
1003	197390	199959	403373	199278	
1004	197624	197101	402491	202784	
1005	201054	197313	397060	204573	
1006	202823	200773	394414	201990	
1007	200264	202525	398086	199125	
1008	197369	199994	403298	199339	
1009	197580	197132	402519	202769	
1010	201028	197285	397126	204561	
1011	202865	200740	394417	201978	
1012	200203	202583	398025	199189	
1013	197402	199924	403323	199351	
1014	197594	197128	402507	202771	
1015	201027	197334	397052	204587	
1016	202794	200723	394462	202021	
1017	200238	202540	398057	199165	
1018	197482	199965	403263	199290	
1019	197541	197195	402505	202759	
1020	200921	197259	397160	204660	
1021	202974	200597	394454	201975	
1022	200229	202648	397856	199267	
1023	197503	199996	403245	199256	
1024	197555	197201	402644	202600	
1025	200803	197273	397197	204727	
1026	202938	200506	394474	202082	
1027	200267	202663	397779	199291	
1028	197656	199959	403169	199216	
1029	197443	197405	402622	202530	
1030	200824	197169	397364	204643	
1031	202966	200505	394574	201955	
1032	200177	202710	397674	199439	
1033	197677	199909	403215	199199	
1034	197474	197434	402619	202473	
1035	200750	197176	397343	204731	
1036	203028	200427	394610	201935	
1037	200193	202748	397603	199456	
1038	197721	199932	403175	199172	
1039	197464	197462	402680	202394	
1040	200702	197191	397394	204713	
1041	202904	200390	394653	202053	
1042	200380	202576	397581	199463	
1043	197690	200115	402966	199229	
1044	197516	197422	402691	202371	
1045	200578	197231	397537	204654	
1046	202911	200309	394653	202127	
1047	200388	202601	397540	199471	
1048	197792	200100	402910	199198	
1049	197420	197526	402701	202353	