%Iteration	Healthy	Infected_1	Infected_2	Dead	
%pHIV=	[5, 1000]	; pINF=	[974, 100000000]	

0	995255	4745	0	0	
1	919765	80235	0	0	
2	655799	344201	0	0	
3	325114	674886	0	0	
4	125377	794388	80235	0	
5	68188	587611	263966	80235	
6	139155	265403	330685	264757	
7	400392	66536	199737	333335	
8	730308	9480	57189	203023	
9	930918	1381	8477	59224	
10	988631	1455	870	9044	
11	995758	3141	133	968	
12	993708	5773	378	141	
13	989389	9288	944	379	
14	983557	13679	1819	945	
15	976200	18956	3010	1834	
16	967331	25181	4459	3029	
17	956931	32373	6210	4486	
18	945071	40392	8287	6250	
19	931648	49312	10684	8356	
20	917290	58556	13402	10752	
21	901865	68315	16306	13514	
22	886053	77895	19604	16448	
23	872433	85130	22646	19791	
24	860910	90193	26065	22832	
25	850627	93901	29184	26288	
26	841939	98765	29881	29415	
27	834353	104358	31128	30161	
28	826609	109051	32892	31448	
29	819327	112729	34745	33199	
30	813115	115079	36721	35085	
31	808104	117238	37585	37073	
32	804230	119391	38423	37956	
33	800100	122022	39071	38807	
34	798255	122537	39744	39464	
35	796275	123050	40576	40099	
36	793648	123695	41702	40955	
37	791668	125979	40259	42094	
38	789569	128669	41089	40673	
39	784505	131626	42347	41522	
40	778758	135947	42543	42752	
41	772596	140651	43779	42974	
42	764352	146148	45304	44196	
43	756711	150702	46864	45723	
44	747922	156253	48483	47342	
45	737869	162387	50801	48943	
46	726673	170623	51418	51286	
47	714483	179567	54034	51916	
48	700133	188382	56935	54550	
49	684910	197929	59654	57507	
50	668966	207854	62978	60202	
51	651598	219058	65750	63594	
52	633751	230670	69201	66378	
53	615470	241731	72903	69896	
54	598671	250810	76954	73565	
55	582879	258627	80813	77681	
56	567716	266698	83964	81622	
57	554559	274624	86033	84784	
58	542526	281964	88630	86880	
59	528809	289674	92035	89482	
60	516161	296960	93959	92920	
61	503666	305453	95970	94911	
62	492270	311055	99745	96930	
63	481845	316131	101245	100779	
64	473279	319986	104463	102272	
65	463724	325482	105347	105447	
66	457424	329871	106321	106384	
67	449363	334949	108318	107370	
68	440012	339743	110843	109402	
69	432273	345098	110710	111919	
70	425104	349678	113396	111822	
71	414666	355204	115637	114493	
72	405346	361786	116065	116803	
73	394998	369808	117976	117218	
74	381933	377781	121163	119123	
75	373153	381795	122647	122405	
76	364248	385852	125998	123902	
77	353480	390154	129136	127230	
78	347184	395724	126661	130431	
79	341117	400848	130055	127980	
80	329234	405977	133438	131351	
81	322964	410059	132231	134746	
82	317283	413977	135179	133561	
83	307432	417530	138567	136471	
84	302082	421627	136313	139978	
85	297507	425706	139097	137690	
86	287514	429882	142120	140484	
87	283240	432872	140410	143478	
88	279082	435838	143176	141904	
89	270673	438424	146296	144607	
90	266786	442108	143400	147706	
91	263482	445466	146142	144910	
92	254704	448781	148882	147633	
93	251593	450999	147084	150324	
94	248779	453094	149500	148627	
95	242047	454736	152197	151020	
96	239625	457297	149302	153776	
97	237999	459590	151595	150816	
98	230890	462129	153839	153142	
99	229418	463368	151863	155351	
100	228882	463765	153888	153465	
101	224817	463344	156378	155461	
102	224823	464177	153102	157898	
103	225372	465686	154285	154657	
104	220428	467746	155957	155869	
105	220144	468391	153935	157530	
106	220450	468242	155794	155514	
107	217192	467377	158017	157414	
108	218119	467727	154580	159574	
109	219366	468832	155645	156157	
110	215185	470434	157152	157229	
111	215652	470718	154930	158700	
112	216535	470185	156750	156530	
113	213946	468964	158754	158336	
114	215764	468715	155214	160307	
115	217589	469303	156217	156891	
116	214304	470394	157533	157769	
117	215237	470745	154965	159053	
118	216580	470174	156805	156441	
119	213855	469149	158624	158372	
120	215795	468695	155316	160194	
121	217634	469252	156234	156880	
122	214279	470283	157599	157839	
123	215245	470711	154862	159182	
124	216580	470177	156791	156452	
125	213789	469164	158630	158417	
126	215773	468707	155290	160230	
127	217539	469282	156257	156922	
128	214301	470268	157617	157814	
129	215220	470799	154833	159148	
130	216470	470257	156832	156441	
131	213748	469196	158603	158453	
132	215858	468651	155364	160127	
133	217403	469284	156290	157023	
134	214344	470214	157542	157900	
135	215294	470813	154819	159074	
136	216472	470247	156923	156358	
137	213706	469324	158472	158498	
138	215837	468696	155418	160049	
139	217387	469252	156357	157004	
140	214335	470161	157549	157955	
141	215256	470790	154790	159164	
142	216571	470196	156913	156320	
143	213632	469363	158458	158547	
144	215892	468632	155419	160057	
145	217408	469265	156319	157008	
146	214313	470099	157625	157963	
147	215354	470771	154688	159187	
148	216576	470225	156952	156247	
149	213549	469399	158459	158593	
150	215968	468662	155360	160010	
151	217332	469309	156406	156953	
152	214285	470098	157633	157984	
153	215366	470840	154623	159171	
154	216462	470246	157053	156239	
155	213555	469376	158422	158647	
156	216016	468668	155365	159951	
157	217242	469314	156459	156985	
158	214330	470104	157552	158014	
159	215381	470862	154657	159100	
160	216500	470178	157105	156217	
161	213715	469338	158342	158605	
162	216005	468614	155415	159966	
163	217361	469191	156421	157027	
164	214436	470039	157502	158023	
165	215348	470799	154691	159162	
166	216510	470190	156998	156302	
167	213707	469413	158350	158530	
168	215854	468757	155451	159938	
169	217283	469315	156389	157013	
170	214309	470125	157573	157993	
171	215228	470743	154795	159234	
172	216520	470118	156947	156415	
173	213758	469322	158383	158537	
174	215951	468695	155413	159941	
175	217356	469307	156322	157015	
176	214396	470069	157587	157948	
177	215443	470674	154786	159097	
178	216524	470189	156934	156353	
179	213747	469390	158349	158514	
180	215890	468775	155391	159944	
181	217321	469250	156449	156980	
182	214319	470073	157550	158058	
183	215434	470674	154776	159116	
184	216451	470230	156924	156395	
185	213717	469379	158373	158531	
186	215912	468790	155377	159921	
187	217302	469295	156480	156923	
188	214303	470145	157522	158030	
189	215426	470741	154788	159045	
190	216365	470248	156985	156402	
191	213786	469315	158372	158527	
192	215948	468795	155384	159873	
193	217206	469332	156492	156970	
194	214340	470174	157439	158047	
195	215371	470727	154864	159038	
196	216327	470144	157029	156500	
197	213870	469272	158281	158577	
198	215952	468794	155417	159837	
199	217164	469364	156446	157026	
200	214329	470210	157409	158052	
201	215348	470699	154939	159014	
202	216273	470118	157016	156593	
203	214001	469213	158255	158531	
204	215851	468864	155428	159857	
205	217119	469373	156435	157073	
206	214431	470223	157350	157996	
207	215263	470674	155079	158984	
208	216307	470097	156944	156652	
209	213996	469282	158200	158522	
210	215804	468841	155530	159825	
211	217102	469391	156367	157140	
212	214519	470217	157385	157879	
213	215145	470752	155089	159014	
214	216370	470078	156917	156635	
215	214019	469333	158211	158437	
216	215756	468840	155624	159780	
217	217032	469463	156243	157262	
218	214568	470131	157466	157835	
219	215048	470685	155131	159136	
220	216474	469957	156866	156703	
221	214031	469400	158134	158435	
222	215723	468838	155685	159754	
223	217016	469519	156138	157327	
224	214639	470066	157577	157718	
225	215050	470699	155123	159128	
226	216462	470038	156819	156681	
227	214079	469491	158124	158306	
228	215607	468922	155756	159715	
229	216889	469489	156158	157464	
230	214793	469875	157577	157755	
231	215162	470565	155187	159086	
232	216412	470074	156725	156789	
233	214190	469597	157963	158250	
234	215593	468996	155877	159534	
235	216869	469441	156234	157456	
236	214784	469907	157486	157823	
237	215109	470514	155276	159101	
238	216414	470041	156679	156866	
239	214188	469608	157952	158252	
240	215613	469007	155883	159497	
241	216781	469519	156206	157494	
242	214779	469884	157519	157818	
243	215090	470484	155282	159144	
244	216394	469970	156718	156918	
245	214263	469572	157884	158281	
246	215636	469036	155882	159446	
247	216782	469554	156204	157460	
248	214770	469953	157486	157791	
249	215035	470463	155346	159156	
250	216492	469866	156722	156920	
251	214271	469556	157885	158288	
252	215668	469068	155856	159408	
253	216681	469719	156125	157475	
254	214798	469938	157575	157689	
255	215022	470465	155368	159145	
256	216495	469784	156776	156945	
257	214350	469572	157794	158284	
258	215554	469114	155895	159437	
259	216803	469662	156095	157440	
260	214770	469973	157582	157675	
261	214989	470393	155437	159181	
262	216565	469836	156643	156956	
263	214252	469588	157893	158267	
264	215584	469079	155857	159480	
265	216868	469667	156086	157379	
266	214720	469993	157645	157642	
267	214878	470471	155348	159303	
268	216603	469773	156674	156950	
269	214249	469500	157971	158280	
270	215553	469032	155826	159589	
271	216873	469709	155976	157442	
272	214849	469981	157698	157472	
273	214837	470550	155358	159255	
274	216560	469852	156653	156935	
275	214257	469528	157970	158245	
276	215515	468966	155927	159592	
277	216879	469645	155955	157521	
278	214814	469981	157646	157559	
279	214922	470541	155365	159172	
280	216587	469924	156634	156855	
281	214172	469619	157982	158227	
282	215573	468976	155925	159526	
283	216900	469615	156017	157468	
284	214864	469926	157677	157533	
285	214856	470612	155282	159250	
286	216606	469907	156656	156831	
287	214148	469597	157988	158267	
288	215621	468863	155968	159548	
289	216869	469624	155951	157556	
290	214963	469908	157678	157451	
291	214763	470745	155234	159258	
292	216563	469885	156712	156840	
293	214147	469587	157962	158304	
294	215553	468774	156071	159602	
295	216946	469558	155852	157644	
296	214915	469956	157664	157465	
297	214786	470717	155258	159239	
298	216517	469961	156636	156886	
299	214249	469516	158062	158173	
300	215533	468866	156019	159582	
301	216829	469624	155880	157667	
302	214899	469937	157617	157547	
303	214830	470566	155369	159235	
304	216557	469847	156638	156958	
305	214313	469593	157930	158164	
306	215483	469026	155998	159493	
307	216768	469693	155919	157620	
308	215002	469881	157676	157441	
309	214799	470561	155431	159209	
310	216566	469873	156586	156975	
311	214286	469679	157864	158171	
312	215546	468946	156111	159397	
313	216765	469700	155898	157637	
314	214874	469924	157670	157532	
315	214806	470539	155378	159277	
316	216579	469798	156652	156971	
317	214296	469586	157894	158224	
318	215584	468998	155993	159425	
319	216651	469772	155911	157666	
320	214985	469831	157682	157502	
321	214835	470490	155405	159270	
322	216580	469740	156685	156995	
323	214348	469676	157741	158235	
324	215560	469074	156064	159302	
325	216606	469806	155935	157653	
326	214886	469830	157677	157607	
327	214889	470364	155462	159285	
328	216557	469682	156667	157094	
329	214477	469605	157701	158217	
330	215524	469159	155996	159321	
331	216612	469793	155985	157610	
332	214925	469881	157624	157570	
333	214944	470350	155550	159156	
334	216484	469767	156619	157130	
335	214449	469641	157712	158198	
336	215546	469179	156019	159256	
337	216472	469810	156036	157682	
338	214975	469810	157586	157629	
339	214963	470335	155557	159145	
340	216440	469731	156667	157162	
341	214533	469694	157586	158187	
342	215406	469281	156082	159231	
343	216486	469740	156063	157711	
344	214954	469782	157549	157715	
345	215060	470174	155669	159097	
346	216390	469798	156522	157290	
347	214674	469695	157591	158040	
348	215340	469408	156061	159191	
349	216493	469701	156146	157660	
350	214967	469816	157488	157729	
351	215036	470131	155774	159059	
352	216394	469840	156439	157327	
353	214669	469725	157603	158003	
354	215270	469409	156089	159232	
355	216598	469644	156148	157610	
356	214921	469857	157488	157734	
357	215054	470122	155773	159051	
358	216385	469888	156383	157344	
359	214650	469693	157701	157956	
360	215321	469418	156038	159223	
361	216465	469696	156149	157690	
362	214988	469766	157506	157740	
363	215055	470092	155763	159090	
364	216371	469833	156427	157369	
365	214698	469739	157576	157987	
366	215255	469456	156089	159200	
367	216580	469640	156168	157612	
368	214914	469839	157482	157765	
369	215020	470066	155806	159108	
370	216403	469859	156352	157386	
371	214688	469683	157681	157948	
372	215308	469445	156033	159214	
373	216526	469698	156145	157631	
374	214971	469824	157505	157700	
375	214969	470125	155795	159111	
376	216376	469822	156398	157404	
377	214712	469652	157631	158005	
378	215354	469390	156096	159160	
379	216441	469747	156095	157717	
380	215115	469820	157461	157604	
381	214918	470208	155834	159040	
382	216357	469767	156452	157424	
383	214795	469677	157534	157994	
384	215344	469337	156222	159097	
385	216447	469769	156011	157773	
386	215102	469872	157444	157582	
387	214858	470200	155882	159060	
388	216356	469722	156443	157479	
389	214801	469642	157547	158010	
390	215343	469326	156210	159121	
391	216344	469817	155965	157874	
392	215159	469812	157467	157562	
393	214849	470171	155894	159086	
394	216423	469663	156456	157458	
395	214839	469733	157462	157966	
396	215321	469425	156253	159001	
397	216382	469895	155948	157775	
398	215134	469852	157532	157482	
399	214798	470153	155945	159104	
400	216458	469649	156418	157475	
401	214842	469736	157489	157933	
402	215223	469459	156246	159072	
403	216370	469895	155914	157821	
404	215182	469802	157576	157440	
405	214827	470127	155969	159077	
406	216341	469728	156350	157581	
407	214891	469689	157483	157937	
408	215239	469418	156294	159049	
409	216368	469825	155951	157856	
410	215122	469868	157444	157566	
411	214943	470080	156023	158954	
412	216246	469775	156358	157621	
413	214942	469658	157487	157913	
414	215127	469489	156235	159149	
415	216470	469694	156053	157783	
416	214991	469905	157370	157734	
417	215061	469941	156066	158932	
418	216231	469858	156258	157653	
419	214927	469627	157581	157865	
420	215207	469572	156102	159119	
421	216476	469712	156175	157637	
422	215010	469943	157350	157697	
423	214933	470009	156047	159011	
424	216294	469728	156315	157663	
425	214972	469545	157581	157902	
426	215138	469520	156113	159229	
427	216610	469731	156034	157625	
428	214935	470045	157398	157622	
429	214923	470006	156088	158983	
430	216286	469807	156245	157662	
431	214961	469491	157712	157836	
432	215061	469539	156049	159351	
433	216686	469662	156046	157606	
434	214873	470061	157396	157670	
435	214962	469966	156097	158975	
436	216324	469872	156169	157635	
437	214917	469531	157795	157757	
438	214969	469570	156002	159459	
439	216741	469593	156075	157591	
440	214930	470016	157454	157600	
441	214886	470012	156041	159061	
442	216354	469938	156098	157610	
443	214898	469536	157877	157689	
444	214949	469527	156037	159487	
445	216822	469580	156024	157574	
446	214851	470058	157475	157616	
447	214935	470018	156028	159019	
448	216373	469992	156077	157558	
449	214850	469551	157953	157646	
450	214983	469534	155988	159495	
451	216755	469594	156051	157600	
452	214861	469964	157512	157663	
453	214989	470001	155971	159039	
454	216346	470003	156111	157540	
455	214854	469586	157882	157678	
456	214947	469570	156008	159475	
457	216780	469526	156113	157581	
458	214839	469959	157465	157737	
459	215044	469917	155992	159047	
460	216362	470012	156069	157557	
461	214747	469605	157898	157750	
462	215083	469508	155950	159459	
463	216776	469550	156164	157510	
464	214784	469942	157491	157783	
465	215119	469995	155853	159033	
466	216341	470022	156206	157431	
467	214748	469583	157883	157786	
468	215125	469552	155906	159417	
469	216709	469572	156233	157486	
470	214827	469963	157444	157766	
471	215040	470053	155875	159032	
472	216260	469976	156253	157511	
473	214787	469534	157835	157844	
474	215130	469488	155965	159417	
475	216708	469592	156176	157524	
476	214795	470052	157393	157760	
477	215017	470053	155919	159011	
478	216319	469912	156280	157489	
479	214725	469514	157853	157908	
480	215173	469472	155920	159435	
481	216719	469639	156139	157503	
482	214814	470022	157455	157709	
483	215013	470097	155878	159012	
484	216192	469940	156306	157562	
485	214879	469435	157838	157848	
486	215136	469491	155953	159420	
487	216697	469617	156149	157537	
488	214880	470108	157333	157679	
489	214962	470101	156009	158928	
490	216153	469918	156275	157654	
491	214942	469385	157824	157849	
492	215132	469452	156002	159414	
493	216635	469628	156092	157645	
494	214987	470091	157291	157631	
495	214925	470146	156069	158860	
496	216148	469939	156268	157645	
497	214911	469465	157754	157870	
498	215173	469382	156124	159321	
499	216565	469635	156061	157739	
500	215025	470044	157280	157651	
501	214890	470168	156041	158901	
502	216214	469879	156314	157593	
503	214931	469528	157689	157852	
504	215119	469435	156165	159281	
505	216609	469666	156025	157700	
506	214966	470080	157338	157616	
507	214936	470113	156072	158879	
508	216085	469927	156256	157732	
509	215012	469393	157752	157843	
510	215152	469427	156105	159316	
511	216566	469629	156070	157735	
512	215083	470103	157218	157596	
513	214882	470184	156139	158795	
514	216004	469934	156272	157790	
515	215046	469385	157692	157877	
516	215179	469342	156220	159259	
517	216586	469632	156022	157760	
518	215035	470204	157143	157618	
519	214869	470211	156177	158743	
520	215962	469924	156312	157802	
521	215121	469304	157715	157860	
522	215097	469388	156184	159331	
523	216605	469600	156025	157770	
524	215111	470245	157095	157549	
525	214837	470234	156268	158661	
526	215995	469974	156237	157794	
527	215112	469373	157740	157775	
528	215079	469381	156257	159283	
529	216551	469619	155977	157853	
530	215133	470177	157139	157551	
531	214818	470189	156265	158728	
532	215983	469934	156215	157868	
533	215190	469376	157697	157737	
534	215030	469437	156277	159256	
535	216540	469654	155960	157846	
536	215172	470192	157139	157497	
537	214725	470164	156338	158773	
538	216053	469862	156177	157908	
539	215161	469382	157677	157780	
540	215027	469370	156310	159293	
541	216516	469670	155875	157939	
542	215227	470135	157197	157441	
543	214646	470215	156298	158841	
544	216129	469818	156175	157878	
545	215109	469423	157662	157806	
546	215108	469301	156378	159213	
547	216492	469759	155778	157971	
548	215224	470124	157267	157385	
549	214666	470227	156256	158851	
550	216088	469810	156236	157866	
551	215161	469404	157632	157803	
552	215114	469345	156359	159182	
553	216377	469784	155819	158020	
554	215239	470070	157226	157465	
555	214754	470161	156300	158785	
556	215980	469806	156258	157956	
557	215321	469415	157512	157752	
558	215044	469501	156391	159064	
559	216283	469809	155903	158005	
560	215336	470122	157121	157421	
561	214759	470122	156477	158642	
562	215941	469821	156211	158027	
563	215287	469481	157434	157798	
564	215047	469434	156477	159042	
565	216303	469710	155910	158077	
566	215360	470066	157094	157480	
567	214693	470141	156430	158736	
568	215988	469800	156186	158026	
569	215307	469484	157450	157759	
570	215020	469429	156505	159046	
571	216266	469757	155845	158132	
572	215441	470035	157134	157390	
573	214650	470183	156450	158717	
574	216011	469812	156173	158004	
575	215257	469557	157412	157774	
576	214990	469359	156598	159053	
577	216282	469700	155802	158216	
578	215488	469970	157157	157385	
579	214638	470192	156400	158770	
580	216054	469834	156143	157969	
581	215282	469597	157427	157694	
582	214980	469420	156622	158978	
583	216273	469779	155785	158163	
584	215458	470007	157190	157345	
585	214600	470170	156445	158785	
586	216087	469776	156144	157993	
587	215213	469603	157418	157766	
588	215050	469375	156608	158967	
589	216240	469834	155750	158176	
590	215451	469983	157245	157321	
591	214552	470211	156380	158857	
592	216095	469718	156209	157978	
593	215259	469574	157394	157773	
594	215011	469387	156608	158994	
595	216160	469832	155716	158292	
596	215514	469887	157250	157349	
597	214618	470132	156421	158829	
598	216023	469749	156161	158067	
599	215360	469615	157305	157720	
600	214881	469474	156666	158979	
601	216268	469728	155778	158226	
602	215532	469973	157171	157324	
603	214572	470135	156525	158768	
604	215998	469842	156032	158128	
605	215359	469585	157416	157640	
606	214899	469419	156687	158995	
607	216304	469742	155739	158215	
608	215452	470041	157159	157348	
609	214602	470132	156521	158745	
610	215969	469834	156062	158135	
611	215345	469496	157458	157701	
612	214963	469390	156612	159035	
613	216329	469748	155764	158159	
614	215417	470120	157120	157343	
615	214606	470196	156506	158692	
616	215904	469831	156122	158143	
617	215441	469405	157492	157662	
618	214885	469424	156582	159109	
619	216420	469706	155757	158117	
620	215404	470218	157066	157312	
621	214524	470183	156601	158692	
622	215968	469817	156039	158176	
623	215380	469355	157578	157687	
624	215009	469329	156566	159096	
625	216315	469834	155673	158178	
626	215364	470197	157116	157323	
627	214531	470187	156540	158742	
628	215988	469710	156178	158124	
629	215399	469380	157479	157742	
630	215026	469410	156530	159034	
631	216309	469898	155701	158092	
632	215362	470225	157149	157264	
633	214579	470188	156560	158673	
634	215904	469735	156189	158172	
635	215416	469327	157476	157781	
636	215038	469394	156523	159045	
637	216311	469857	155736	158096	
638	215372	470261	157068	157299	
639	214524	470208	156590	158678	
640	215896	469700	156199	158205	
641	215483	469291	157472	157754	
642	214985	469396	156537	159082	
643	216313	469854	155691	158142	
644	215491	470261	157063	157185	
645	214462	470270	156642	158626	
646	215849	469753	156149	158249	
647	215515	469300	157470	157715	
648	214941	469330	156651	159078	
649	216303	469810	155632	158255	
650	215470	470258	157017	157255	
651	214493	470215	156681	158611	
652	215870	469763	156112	158255	
653	215458	469330	157465	157747	
654	215048	469319	156638	158995	
655	216227	469870	155660	158243	
656	215489	470228	157032	157251	
657	214504	470257	156627	158612	
658	215837	469717	156211	158235	
659	215472	469327	157390	157811	
660	215026	469317	156656	159001	
661	216169	469851	155671	158309	
662	215511	470192	157000	157297	
663	214499	470234	156646	158621	
664	215853	469697	156205	158245	
665	215518	469377	157341	157764	
666	215022	469385	156688	158905	
667	216152	469912	155668	158268	
668	215502	470211	157021	157266	
669	214464	470186	156696	158654	
670	215849	469623	156195	158333	
671	215604	469315	157320	157761	
672	215025	469416	156671	158888	
673	216118	469985	155632	158265	
674	215526	470257	157012	157205	
675	214405	470182	156772	158641	
676	215882	469558	156201	158359	
677	215605	469329	157284	157782	
678	215092	469405	156697	158806	
679	216050	470081	155577	158292	
680	215487	470252	157055	157206	
681	214474	470131	156773	158622	
682	215813	469530	156253	158404	
683	215671	469291	157226	157812	
684	215068	469476	156652	158804	
685	216108	470063	155652	158177	
686	215387	470357	156987	157269	
687	214456	470083	156837	158624	
688	215859	469476	156239	158426	
689	215701	469225	157281	157793	
690	215012	469543	156563	158882	
691	216060	470093	155632	158215	
692	215442	470293	157030	157235	
693	214508	470029	156881	158582	
694	215839	469521	156182	158458	
695	215693	469298	157230	157779	
696	215059	469546	156617	158778	
697	216057	470096	155674	158173	
698	215491	470312	157007	157190	
699	214437	470112	156865	158586	
700	215856	469499	156224	158421	
701	215617	469305	157223	157855	
702	215107	469436	156665	158792	
703	216046	470107	155611	158236	
704	215489	470298	157029	157184	
705	214488	470168	156796	158548	
706	215812	469550	156282	158356	
707	215576	469314	157220	157890	
708	215149	469397	156666	158788	
709	216031	470054	155664	158251	
710	215511	470282	156984	157223	
711	214494	470218	156749	158539	
712	215772	469560	156321	158347	
713	215528	469296	157212	157964	
714	215175	469318	156685	158822	
715	216106	469999	155663	158232	
716	215414	470338	156948	157300	
717	214551	470217	156707	158525	
718	215743	469605	156344	158308	
719	215561	469240	157287	157912	
720	215167	469381	156586	158866	
721	216134	469993	155732	158141	
722	215330	470384	156922	157364	
723	214627	470168	156727	158478	
724	215750	469628	156344	158278	
725	215596	469237	157313	157854	
726	215073	469489	156511	158927	
727	216166	469932	155804	158098	
728	215327	470342	156922	157409	
729	214645	470090	156763	158502	
730	215767	469659	156247	158327	
731	215553	469267	157332	157848	
732	215104	469486	156511	158899	
733	216212	469955	155816	158017	
734	215220	470404	156940	157436	
735	214677	470076	156730	158517	
736	215808	469643	156285	158264	
737	215544	469230	157389	157837	
738	215074	469549	156402	158975	
739	216158	469950	155852	158040	
740	215235	470306	156976	157483	
741	214711	469995	156721	158573	
742	215841	469631	156253	158275	
743	215525	469314	157332	157829	
744	215023	469608	156410	158959	
745	216127	469923	155889	158061	
746	215299	470215	157015	157471	
747	214674	469991	156704	158631	
748	215926	469643	156204	158227	
749	215398	469438	157307	157857	
750	215111	469535	156480	158874	
751	216167	469967	155856	158010	
752	215263	470210	157102	157425	
753	214588	470076	156577	158759	
754	215958	469557	156288	158197	
755	215416	469348	157345	157891	
756	215114	469500	156443	158943	
757	216172	470029	155769	158030	
758	215273	470247	157136	157344	
759	214597	470113	156595	158695	
760	215978	469587	156298	158137	
761	215349	469385	157354	157912	
762	215188	469457	156461	158894	
763	216158	470058	155772	158012	
764	215289	470245	157152	157314	
765	214574	470185	156533	158708	
766	215881	469574	156373	158172	
767	215432	469298	157339	157931	
768	215218	469438	156473	158871	
769	216076	470070	155762	158092	
770	215309	470267	157063	157361	
771	214628	470139	156613	158620	
772	215874	469543	156394	158189	
773	215339	469331	157260	158070	
774	215280	469370	156485	158865	
775	216118	470040	155798	158044	
776	215308	470292	157048	157352	
777	214543	470257	156524	158676	
778	215962	469515	156468	158055	
779	215302	469364	157300	158034	
780	215280	469361	156489	158870	
781	216098	470098	155726	158078	
782	215272	470231	157149	157348	
783	214572	470202	156486	158740	
784	215979	469492	156463	158066	
785	215350	469368	157282	158000	
786	215251	469445	156457	158847	
787	216077	470124	155753	158046	
788	215260	470232	157158	157350	
789	214593	470139	156534	158734	
790	215971	469482	156432	158115	
791	215336	469364	157266	158034	
792	215284	469442	156441	158833	
793	216098	470131	155775	157996	
794	215264	470262	157148	157326	
795	214557	470190	156519	158734	
796	215954	469466	156464	158116	
797	215409	469315	157279	157997	
798	215195	469459	156447	158899	
799	216146	470097	155740	158017	
800	215243	470303	157128	157326	
801	214632	470140	156591	158637	
802	215938	469576	156378	158108	
803	215311	469359	157334	157996	
804	215251	469416	156428	158905	
805	216200	470027	155814	157959	
806	215229	470290	157117	157364	
807	214555	470218	156485	158742	
808	215994	469532	156425	158049	
809	215260	469332	157380	158028	
810	215244	469363	156413	158980	
811	216231	470050	155739	157980	
812	215245	470278	157180	157297	
813	214607	470257	156444	158692	
814	215891	469624	156426	158059	
815	215293	469281	157408	158018	
816	215207	469335	156423	159035	
817	216324	469932	155793	157951	
818	215198	470369	157065	157368	
819	214591	470266	156477	158666	
820	215875	469652	156390	158083	
821	215314	469213	157502	157971	
822	215143	469332	156374	159151	
823	216412	469877	155776	157935	
824	215179	470411	157063	157347	
825	214560	470281	156493	158666	
826	215979	469702	156321	157998	
827	215205	469266	157597	157932	
828	215164	469294	156363	159179	
829	216505	469895	155742	157858	
830	215145	470427	157161	157267	
831	214500	470365	156391	158744	
832	216002	469704	156343	157951	
833	215199	469191	157693	157917	
834	215118	469245	156329	159308	
835	216521	469866	155682	157931	
836	215178	470394	157180	157248	
837	214518	470373	156383	158726	
838	215971	469777	156303	157949	
839	215156	469219	157708	157917	
840	215196	469202	156362	159240	
841	216495	469873	155707	157925	
842	215152	470406	157150	157292	
843	214556	470392	156345	158707	
844	215956	469755	156378	157911	
845	215180	469210	157683	157927	
846	215122	469248	156331	159299	
847	216546	469812	155741	157901	
848	215167	470404	157138	157291	
849	214515	470387	156369	158729	
850	215934	469781	156305	157980	
851	215227	469165	157730	157878	
852	215157	469223	156352	159268	
853	216409	469870	155699	158022	
854	215247	470353	157114	157286	
855	214605	470370	156410	158615	
856	215805	469816	156346	158033	
857	215273	469214	157597	157916	
858	215088	469244	156427	159241	
859	216528	469727	155792	157953	
860	215203	470446	156995	157356	
861	214564	470374	156457	158605	
862	215814	469846	156275	158065	
863	215239	469135	157714	157912	
864	215101	469175	156385	159339	
865	216577	469715	155747	157961	
866	215122	470473	157003	157402	
867	214684	470359	156425	158532	
868	215724	469940	156287	158049	
869	215262	469087	157761	157890	
870	215169	469222	156311	159298	
871	216560	469711	155868	157861	
872	215112	470552	156908	157428	
873	214590	470397	156446	158567	
874	215820	469815	156357	158008	
875	215283	469076	157749	157892	
876	215144	469251	156291	159314	
877	216558	469805	155775	157862	
878	215049	470540	157010	157401	
879	214644	470313	156466	158577	
880	215856	469822	156329	157993	
881	215275	469118	157745	157862	
882	215132	469342	156239	159287	
883	216463	469820	155838	157879	
884	215124	470426	157041	157409	
885	214632	470272	156463	158633	
886	215913	469776	156316	157995	
887	215246	469222	157647	157885	
888	215072	469350	156309	159269	
889	216507	469785	155820	157888	
890	215150	470379	157093	157378	
891	214539	470278	156437	158746	
892	215992	469748	156255	158005	
893	215203	469240	157687	157870	
894	215120	469292	156336	159252	
895	216548	469872	155725	157855	
896	215001	470424	157179	157396	
897	214669	470226	156388	158717	
898	215958	469772	156305	157965	
899	215232	469190	157731	157847	
900	215127	469416	156190	159267	
901	216588	469874	155851	157687	
902	214914	470493	157149	157444	
903	214724	470177	156416	158683	
904	215863	469779	156309	158049	
905	215236	469062	157768	157934	
906	215200	469389	156100	159311	
907	216523	469863	155911	157703	
908	214900	470521	157051	157528	
909	214784	470179	156427	158610	
910	215800	469769	156385	158046	
911	215292	469048	157709	157951	
912	215179	469448	156085	159288	
913	216572	469839	155975	157614	
914	214847	470608	156988	157557	
915	214828	470156	156485	158531	
916	215757	469801	156366	158076	
917	215342	468986	157757	157915	
918	215118	469487	156033	159362	
919	216619	469781	156011	157589	
920	214825	470647	156942	157586	
921	214869	470125	156534	158472	
922	215672	469875	156305	158148	
923	215392	468922	157808	157878	
924	215088	469489	156012	159411	
925	216717	469712	156055	157516	
926	214695	470764	156855	157686	
927	214850	470062	156579	158509	
928	215691	469820	156278	158211	
929	215415	468790	157907	157888	
930	215055	469516	155877	159552	
931	216778	469717	156036	157469	
932	214699	470806	156877	157618	
933	214876	470094	156603	158427	
934	215657	469921	156237	158185	
935	215376	468796	157966	157862	
936	215068	469464	155891	159577	
937	216846	469657	156064	157433	
938	214629	470840	156841	157690	
939	214936	470095	156559	158410	
940	215706	469961	156257	158076	
941	215310	468831	158024	157835	
942	215008	469518	155814	159660	
943	216857	469592	156123	157428	
944	214641	470741	156894	157724	
945	214886	470064	156501	158549	
946	215769	469937	156197	158097	
947	215390	468848	158043	157719	
948	214974	469602	155824	159600	
949	216827	469695	156070	157408	
950	214631	470754	156954	157661	
951	214840	469993	156578	158589	
952	215891	469859	156163	158087	
953	215332	468925	158013	157730	
954	214934	469631	155817	159618	
955	216781	469724	156029	157466	
956	214692	470612	157079	157617	
957	214830	469971	156523	158676	
958	215977	469868	156122	158033	
959	215327	469066	157967	157640	
960	214818	469700	155882	159600	
961	216844	469690	156019	157447	
962	214641	470557	157165	157637	
963	214855	469874	156516	158755	
964	215982	469907	156009	158102	
965	215338	469046	158032	157584	
966	214871	469740	155833	159556	
967	216698	469761	156042	157499	
968	214762	470480	157171	157587	
969	214847	469898	156527	158728	
970	215987	469869	156063	158081	
971	215263	469157	157890	157690	
972	214949	469664	155945	159442	
973	216652	469768	156034	157546	
974	214702	470430	157178	157690	
975	214999	469865	156452	158684	
976	215875	469918	156138	158069	
977	215320	469144	157840	157696	
978	214915	469767	155887	159431	
979	216732	469683	156191	157394	
980	214605	470539	157066	157790	
981	215089	469825	156510	158576	
982	215933	469994	156107	157966	
983	215202	469190	157922	157686	
984	214973	469786	155796	159445	
985	216635	469673	156276	157416	
986	214570	470380	157118	157932	
987	215140	469748	156392	158720	
988	215925	469918	156163	157994	
989	215213	469211	157825	157751	
990	215024	469854	155760	159362	
991	216588	469737	156333	157342	
992	214563	470395	157118	157924	
993	215128	469746	156403	158723	
994	215908	469849	156216	158027	
995	215357	469167	157776	157700	
996	214879	469955	155754	159412	
997	216599	469704	156319	157378	
998	214594	470399	157094	157913	
999	215050	469639	156542	158769	
1000	215985	469811	156068	158136	
1001	215378	469200	157789	157633	
1002	214909	469988	155782	159321	
1003	216567	469850	156240	157343	
1004	214522	470428	157178	157872	
1005	215077	469569	156570	158784	
1006	215959	469732	156102	158207	
1007	215429	469124	157756	157691	
1008	214934	470028	155711	159327	
1009	216550	469890	156265	157295	
1010	214524	470479	157148	157849	
1011	215029	469576	156615	158780	
1012	216026	469666	156127	158181	
1013	215431	469146	157737	157686	
1014	214965	470058	155712	159265	
1015	216528	469988	156217	157267	
1016	214463	470490	157217	157830	
1017	215093	469517	156624	158766	
1018	216030	469649	156147	158174	
1019	215383	469149	157719	157749	
1020	215021	470073	155651	159255	
1021	216449	470003	156279	157269	
1022	214525	470423	157219	157833	
1023	215132	469564	156575	158729	
1024	216007	469674	156209	158110	
1025	215303	469231	157639	157827	
1026	215093	470009	155716	159182	
1027	216425	469972	156319	157284	
1028	214498	470387	157196	157919	
1029	215132	469578	156494	158796	
1030	216040	469617	156282	158061	
1031	215333	469236	157611	157820	
1032	215071	470072	155685	159172	
1033	216419	470005	156321	157255	
1034	214478	470386	157230	157906	
1035	215137	469532	156521	158810	
1036	216059	469604	156254	158083	
1037	215367	469240	157611	157782	
1038	215018	470131	155667	159184	
1039	216385	470012	156326	157277	
1040	214522	470338	157247	157893	
1041	215150	469495	156558	158797	
1042	215990	469629	156207	158174	
1043	215408	469233	157573	157786	
1044	215000	470117	155715	159168	
1045	216451	469968	156341	157240	
1046	214503	470426	157177	157894	
1047	215051	469521	156599	158829	
1048	216095	469572	156192	158141	
1049	215403	469220	157635	157742	