%Iteration	Healthy	Infected_1	Infected_2	Dead	
%pHIV=	[5, 10000]	; pINF=	[974, 1000000]	

0	999551	449	0	0	
1	992091	7909	0	0	
2	960261	39739	0	0	
3	892941	107059	0	0	
4	786644	213356	0	0	
5	650472	349528	0	0	
6	502882	489209	7909	0	
7	364221	596040	31830	7909	
8	258036	642729	67320	31915	
9	208486	617601	106297	67616	
10	224230	532601	136172	106997	
11	297926	417258	147590	137226	
12	406769	305575	138661	148995	
13	520337	225538	114009	140116	
14	604821	198559	81169	115451	
15	635262	231238	51172	82328	
16	599270	316468	32247	52015	
17	507188	433081	26978	32753	
18	390782	547964	33972	27282	
19	286669	624901	54190	34240	
20	223912	637723	83851	54514	
21	215334	582830	117477	84359	
22	257626	480454	143591	118329	
23	341278	365118	148855	144749	
24	445450	273116	131127	150307	
25	536725	233930	96673	132672	
26	581440	257972	62584	98004	
27	559463	335759	41215	63563	
28	479163	445439	33519	41879	
29	371790	555160	39125	33925	
30	272033	631005	57487	39475	
31	210294	645180	86626	57900	
32	198088	595669	119002	87241	
33	233470	503487	143199	119844	
34	303170	403611	148846	144373	
35	386551	329889	133332	150228	
36	455491	308862	100801	134846	
37	484182	344164	69491	102163	
38	457676	420811	51017	70496	
39	388599	510714	48970	51717	
40	302626	588282	59610	49482	
41	231389	628738	79774	60099	
42	194321	620491	104793	80395	
43	195604	571154	127664	105578	
44	226544	505798	138873	128785	
45	272733	449880	137178	140209	
46	315940	425264	120230	138566	
47	343551	438315	96546	121588	
48	342114	481811	78327	97748	
49	311564	535597	73517	79322	
50	266135	578320	81260	74285	
51	225686	596678	95614	82022	
52	201348	592624	109597	96431	
53	197025	570566	121823	110586	
54	206103	543619	127303	122975	
55	223496	524009	123983	128512	
56	238706	522149	113972	125173	
57	244602	534664	105543	115191	
58	238107	555418	99765	106710	
59	224800	573993	100356	100851	
60	207947	586294	104373	101386	
61	196719	585769	112112	105400	
62	189257	579508	118058	113177	
63	189015	571285	120519	119181	
64	191526	567828	118931	121715	
65	194150	569074	116674	120102	
66	194732	575776	111587	117905	
67	195723	579730	111797	112750	
68	191981	582817	112296	112906	
69	191622	579473	115474	113431	
70	190535	574952	117920	116593	
71	190757	571840	118289	119114	
72	188971	575714	115751	119564	
73	185574	582107	115383	116936	
74	180421	590887	112130	116562	
75	179159	594123	113399	113319	
76	175839	594410	115177	114574	
77	176855	587170	119625	116350	
78	178601	578860	121776	120763	
79	183079	573070	120910	122941	
80	185141	576072	116635	122152	
81	184196	582465	115464	117875	
82	179679	591252	112385	116684	
83	178177	594782	113466	113575	
84	175075	595169	115120	114636	
85	175975	588087	119637	116301	
86	177417	579914	121857	120812	
87	181697	574011	121172	123120	
88	183945	576629	116996	122430	
89	182904	583373	115507	118216	
90	178103	592611	112555	116731	
91	176183	596422	113684	113711	
92	172963	596910	115269	114858	
93	174098	589838	119614	116450	
94	175795	581193	122251	120761	
95	179843	574888	121793	123476	
96	182517	576986	117495	123002	
97	182134	583411	115757	118698	
98	177872	592650	112542	116936	
99	175986	596665	113606	113743	
100	172623	597110	115488	114779	
101	173397	590372	119593	116638	
102	175081	582007	122182	120730	
103	179007	575817	121781	123395	
104	181617	577724	117621	123038	
105	181200	584008	115933	118859	
106	177052	592964	112855	117129	
107	175194	596930	113817	114059	
108	172213	597295	115591	114901	
109	172924	590808	119528	116740	
110	174785	582331	122217	120667	
111	178620	576148	121811	123421	
112	181380	577798	117783	123039	
113	180999	584050	115956	118995	
114	177079	592784	113041	117096	
115	175199	596860	113740	114201	
116	172291	597219	115628	114862	
117	172967	590854	119433	116746	
118	174814	582386	122208	120592	
119	178681	576119	121775	123425	
120	181640	577587	117816	122957	
121	181030	583814	115987	119169	
122	177315	592432	113068	117185	
123	175121	596786	113740	114353	
124	172313	597275	115508	114904	
125	172723	591281	119284	116712	
126	174624	582747	122214	120415	
127	178255	576625	121686	123434	
128	181275	577645	118094	122986	
129	180987	583694	115997	119322	
130	177560	592009	113290	117141	
131	175388	596520	113680	114412	
132	172500	597089	115564	114847	
133	173000	591200	119114	116686	
134	174753	582875	122046	120326	
135	178436	576738	121605	123221	
136	181267	577704	118191	122838	
137	180895	583596	116133	119376	
138	177444	592058	113225	117273	
139	175227	596610	113721	114442	
140	172427	597236	115468	114869	
141	172863	591392	119157	116588	
142	174580	583065	122025	120330	
143	178364	576729	121687	123220	
144	181180	577598	118273	122949	
145	180811	583554	116094	119541	
146	177518	591932	113313	117237	
147	175084	596689	113698	114529	
148	172538	597331	115351	114780	
149	172781	591588	119142	116489	
150	174519	583128	122050	120303	
151	178374	576709	121691	123226	
152	181255	577378	118455	122912	
153	180990	583332	115993	119685	
154	177622	591743	113399	117236	
155	175187	596668	113590	114555	
156	172489	597514	115272	114725	
157	172584	591893	119124	116399	
158	174180	583535	121947	120338	
159	178131	576890	121810	123169	
160	181046	577476	118515	122963	
161	180741	583382	116118	119759	
162	177643	591579	113503	117275	
163	175132	596587	113589	114692	
164	172561	597511	115165	114763	
165	172681	591902	119101	116316	
166	174220	583508	122024	120248	
167	178116	576994	121700	123190	
168	180973	577462	118597	122968	
169	180809	583303	116089	119799	
170	177640	591544	113492	117324	
171	175207	596537	113630	114626	
172	172457	597572	115186	114785	
173	172680	591973	119065	116282	
174	174164	583728	121930	120178	
175	177854	577169	121733	123244	
176	180967	577435	118623	122975	
177	180712	583189	116221	119878	
178	177676	591437	113466	117421	
179	175300	596393	113685	114622	
180	172467	597521	115174	114838	
181	172695	592096	118889	116320	
182	174153	583797	121975	120075	
183	177894	577195	121714	123197	
184	180856	577456	118641	123047	
185	180701	583043	116302	119954	
186	177803	591287	113464	117446	
187	175257	596451	113676	114616	
188	172417	597621	115112	114850	
189	172647	592170	118902	116281	
190	174078	583977	121889	120056	
191	177836	577393	121708	123063	
192	180844	577401	118840	122915	
193	180667	582936	116282	120115	
194	177916	591174	113451	117459	
195	175336	596406	113696	114562	
196	172442	597613	115124	114821	
197	172716	592169	118848	116267	
198	174179	583991	121817	120013	
199	177878	577420	121689	123013	
200	180857	577305	118928	122910	
201	180668	582819	116331	120182	
202	178026	591077	113404	117493	
203	175410	596407	113639	114544	
204	172516	597643	115118	114723	
205	172545	592341	118813	116301	
206	174015	584140	121845	120000	
207	177721	577582	121662	123035	
208	180732	577381	118969	122918	
209	180748	582769	116354	120129	
210	177910	591038	113511	117541	
211	175249	596360	113644	114747	
212	172547	597595	115104	114754	
213	172497	592471	118768	116264	
214	173972	584331	121742	119955	
215	177622	577632	121780	122966	
216	180674	577389	118966	122971	
217	180736	582822	116339	120103	
218	177825	590993	113644	117538	
219	175250	596327	113602	114821	
220	172561	597597	115081	114761	
221	172512	592506	118723	116259	
222	174005	584289	121772	119934	
223	177684	577543	121815	122958	
224	180659	577351	118936	123054	
225	180800	582722	116351	120127	
226	177828	590963	113632	117577	
227	175321	596312	113555	114812	
228	172538	597621	115069	114772	
229	172611	592481	118744	116164	
230	173902	584474	121722	119902	
231	177605	577613	121873	122909	
232	180562	577427	118904	123107	
233	180828	582683	116378	120111	
234	177850	591014	113604	117532	
235	175287	596254	113715	114744	
236	172525	597587	115012	114876	
237	172655	592479	118718	116148	
238	173914	584591	121634	119861	
239	177585	577637	121935	122843	
240	180614	577311	118955	123120	
241	180783	582641	116345	120231	
242	177881	590887	113610	117622	
243	175345	596124	113746	114785	
244	172587	597577	114981	114855	
245	172622	592644	118629	116105	
246	173841	584694	121675	119790	
247	177442	577803	121856	122899	
248	180558	577358	118983	123101	
249	180807	582579	116434	120180	
250	177874	590797	113696	117633	
251	175350	596009	113725	114916	
252	172670	597515	114965	114850	
253	172643	592762	118538	116057	
254	173713	584873	121655	119759	
255	177489	577750	121914	122847	
256	180510	577399	118937	123154	
257	180838	582515	116471	120176	
258	177896	590662	113785	117657	
259	175393	595895	113766	114946	
260	172729	597523	114791	114957	
261	172790	592696	118586	115928	
262	173669	584972	121587	119772	
263	177494	577800	121932	122774	
264	180428	577389	118999	123184	
265	180778	582482	116419	120321	
266	178024	590593	113759	117624	
267	175423	595782	113863	114932	
268	172724	597533	114760	114983	
269	172720	592805	118588	115887	
270	173650	585127	121512	119711	
271	177361	578015	121870	122754	
272	180443	577446	119052	123059	
273	180735	582496	116511	120258	
274	177938	590504	113860	117698	
275	175345	595766	113834	115055	
276	172746	597516	114758	114980	
277	172705	592892	118483	115920	
278	173696	585116	121561	119627	
279	177282	578050	121868	122800	
280	180389	577372	119096	123143	
281	180785	582386	116508	120321	
282	177995	590461	113859	117685	
283	175378	595813	113785	115024	
284	172755	597514	114802	114929	
285	172582	593004	118418	115996	
286	173669	585229	121522	119580	
287	177236	578100	121934	122730	
288	180388	577315	119137	123160	
289	180805	582320	116503	120372	
290	178067	590349	113908	117676	
291	175308	595826	113747	115119	
292	172798	597478	114805	114919	
293	172641	593093	118352	115914	
294	173582	585415	121508	119495	
295	177139	578239	121937	122685	
296	180356	577283	119224	123137	
297	180700	582340	116457	120503	
298	178173	590197	113967	117663	
299	175361	595678	113830	115131	
300	172855	597407	114761	114977	
301	172637	593171	118268	115924	
302	173629	585442	121514	119415	
303	177036	578405	121824	122735	
304	180403	577262	119311	123024	
305	180619	582345	116490	120546	
306	178184	590083	114032	117701	
307	175355	595625	113785	115235	
308	172911	597346	114787	114956	
309	172654	593249	118168	115929	
310	173633	585501	121573	119293	
311	176972	578517	121770	122741	
312	180278	577295	119327	123100	
313	180772	582211	116508	120509	
314	178113	590048	114071	117768	
315	175355	595521	113825	115299	
316	172989	597235	114786	114990	
317	172727	593272	118105	115896	
318	173656	585700	121424	119220	
319	176822	578613	121908	122657	
320	180201	577322	119298	123179	
321	180853	582182	116500	120465	
322	178117	590065	114142	117676	
323	175268	595507	113852	115373	
324	173013	597105	114821	115061	
325	172772	593283	118007	115938	
326	173519	585894	121360	119227	
327	176852	578568	122025	122555	
328	180152	577294	119294	123260	
329	180884	582179	116419	120518	
330	178145	590034	114185	117636	
331	175328	595374	113971	115327	
332	173110	597150	114699	115041	
333	172714	593389	118020	115877	
334	173596	585955	121304	119145	
335	176830	578656	122040	122474	
336	180027	577354	119311	123308	
337	180901	582081	116475	120543	
338	178146	589884	114259	117711	
339	175409	595317	113870	115404	
340	173064	597168	114741	115027	
341	172703	593370	118009	115918	
342	173581	586048	121202	119169	
343	176848	578738	122062	122352	
344	179979	577421	119303	123297	
345	180922	581942	116592	120544	
346	178246	589760	114211	117783	
347	175382	595303	113880	115435	
348	173114	597102	114752	115032	
349	172736	593394	117986	115884	
350	173597	586207	121113	119083	
351	176671	578941	122029	122359	
352	179953	577380	119423	123244	
353	180882	581969	116551	120598	
354	178202	589760	114278	117760	
355	175377	595245	113926	115452	
356	173147	597010	114763	115080	
357	172765	593470	117862	115903	
358	173522	586294	121140	119044	
359	176702	578911	122069	122318	
360	179929	577343	119411	123317	
361	180946	581908	116528	120618	
362	178151	589708	114322	117819	
363	175476	595052	113964	115508	
364	173197	597016	114686	115101	
365	172797	593557	117843	115803	
366	173447	586443	121093	119017	
367	176676	578939	122122	122263	
368	179883	577485	119308	123324	
369	180930	581892	116650	120528	
370	178109	589624	114384	117883	
371	175554	594923	113979	115544	
372	173153	597059	114618	115170	
373	172850	593527	117854	115769	
374	173482	586467	121057	118994	
375	176605	579004	122116	122275	
376	179917	577499	119278	123306	
377	180922	581835	116754	120489	
378	178135	589614	114322	117929	
379	175508	594966	113997	115529	
380	173154	597002	114653	115191	
381	172885	593563	117773	115779	
382	173418	586546	121090	118946	
383	176604	579028	122101	122267	
384	179839	577492	119349	123320	
385	180933	581812	116689	120566	
386	178217	589568	114334	117881	
387	175559	594881	114073	115487	
388	173117	597043	114583	115257	
389	172881	593551	117813	115755	
390	173359	586621	121009	119011	
391	176622	579071	122090	122217	
392	179837	577502	119386	123275	
393	180849	581778	116745	120628	
394	178230	589489	114321	117960	
395	175603	594811	114079	115507	
396	173161	597093	114540	115206	
397	172791	593642	117817	115750	
398	173433	586606	121021	118940	
399	176497	579205	122032	122266	
400	179818	577522	119401	123259	
401	180859	581698	116822	120621	
402	178206	589373	114366	118055	
403	175713	594781	113985	115521	
404	173106	597088	114631	115175	
405	172794	593681	117718	115807	
406	173428	586685	120998	118889	
407	176464	579292	122041	122203	
408	179722	577582	119393	123303	
409	180844	581573	116938	120645	
410	178295	589291	114311	118103	
411	175675	594794	114002	115529	
412	173200	597037	114648	115115	
413	172760	593763	117683	115794	
414	173437	586793	120929	118841	
415	176464	579425	122029	122082	
416	179639	577574	119505	123282	
417	180907	581513	116891	120689	
418	178284	589217	114409	118090	
419	175723	594719	113959	115599	
420	173260	596998	114661	115081	
421	172714	593835	117654	115797	
422	173467	586918	120830	118785	
423	176432	579452	122113	122003	
424	179578	577639	119461	123322	
425	180895	581496	116940	120669	
426	178248	589123	114491	118138	
427	175726	594682	113913	115679	
428	173258	596988	114647	115107	
429	172696	593821	117648	115835	
430	173448	586956	120797	118799	
431	176375	579502	122118	122005	
432	179538	577600	119472	123390	
433	181017	581386	116953	120644	
434	178226	589132	114481	118161	
435	175792	594646	113932	115630	
436	173174	597025	114664	115137	
437	172709	593881	117570	115840	
438	173437	587086	120739	118738	
439	176382	579489	122227	121902	
440	179511	577594	119446	123449	
441	181008	581280	117043	120669	
442	178315	589065	114426	118194	
443	175816	594675	113944	115565	
444	173192	597085	114630	115093	
445	172755	593991	117551	115703	
446	173393	587230	120729	118648	
447	176204	579654	122211	121931	
448	179476	577501	119554	123469	
449	181049	581122	117040	120789	
450	178341	588964	114457	118238	
451	175744	594572	113968	115716	
452	173335	596903	114635	115127	
453	172734	594053	117401	115812	
454	173404	587354	120661	118581	
455	176176	579702	122299	121823	
456	179354	577513	119576	123557	
457	181132	581150	116966	120752	
458	178364	588950	114551	118135	
459	175811	594544	113962	115683	
460	173320	596914	114647	115119	
461	172740	594059	117387	115814	
462	173442	587413	120603	118542	
463	176104	579710	122351	121835	
464	179390	577452	119556	123602	
465	181121	581032	117017	120830	
466	178458	588816	114532	118194	
467	175751	594556	113957	115736	
468	173314	596893	114648	115145	
469	172809	594120	117298	115773	
470	173356	587586	120597	118461	
471	176017	579851	122316	121816	
472	179388	577402	119697	123513	
473	181057	581022	116985	120936	
474	178485	588811	114525	118179	
475	175755	594491	114063	115691	
476	173247	596885	114581	115287	
477	172968	594075	117248	115709	
478	173345	587670	120605	118380	
479	175991	579908	122314	121787	
480	179341	577400	119743	123516	
481	181062	580990	116975	120973	
482	178534	588839	114438	118189	
483	175778	594414	114200	115608	
484	173274	596875	114552	115299	
485	172886	594134	117235	115745	
486	173352	587706	120565	118377	
487	175923	580002	122287	121788	
488	179370	577371	119775	123484	
489	181013	580952	117013	121022	
490	178513	588707	114494	118286	
491	175857	594336	114137	115670	
492	173265	596843	114583	115309	
493	172939	594187	117144	115730	
494	173345	587759	120594	118302	
495	175833	580103	122249	121815	
496	179341	577416	119766	123477	
497	180996	580907	117090	121007	
498	178614	588630	114488	118268	
499	175846	594320	114166	115668	
500	173310	596799	114593	115298	
501	172902	594272	117079	115747	
502	173376	587821	120581	118222	
503	175765	580219	122211	121805	
504	179278	577371	119856	123495	
505	181044	580820	117072	121064	
506	178622	588546	114552	118280	
507	175908	594248	114130	115714	
508	173321	596784	114609	115286	
509	172870	594321	117008	115801	
510	173385	587897	120521	118197	
511	175813	580227	122278	121682	
512	179170	577463	119832	123535	
513	181071	580734	117145	121050	
514	178655	588471	114545	118329	
515	175859	594266	114097	115778	
516	173334	596757	114608	115301	
517	172938	594246	117068	115748	
518	173376	587991	120416	118217	
519	175826	580331	122282	121561	
520	179025	577498	119892	123585	
521	181171	580656	117099	121074	
522	178678	588463	114557	118302	
523	175899	594214	114161	115726	
524	173357	596730	114622	115291	
525	172859	594272	117059	115810	
526	173421	588102	120257	118220	
527	175857	580384	122364	121395	
528	178937	577592	119912	123559	
529	181153	580611	117138	121098	
530	178704	588402	114601	118293	
531	175865	594273	114087	115775	
532	173366	596734	114646	115254	
533	172877	594244	117120	115759	
534	173338	588197	120157	118308	
535	175863	580402	122392	121343	
536	178946	577546	119958	123550	
537	181073	580634	117107	121186	
538	178767	588305	114630	118298	
539	175902	594195	114110	115793	
540	173408	596744	114597	115251	
541	172826	594289	117102	115783	
542	173451	588162	120195	118192	
543	175817	580569	122301	121313	
544	178801	577628	120000	123571	
545	181080	580521	117146	121253	
546	178768	588219	114647	118366	
547	175915	594186	114068	115831	
548	173431	596636	114708	115225	
549	172839	594252	117059	115850	
550	173496	588297	120039	118168	
551	175704	580720	122345	121231	
552	178772	577639	120035	123554	
553	181107	580471	117158	121264	
554	178730	588164	114675	118431	
555	175988	594035	114084	115893	
556	173475	596507	114768	115250	
557	172878	594264	116954	115904	
558	173531	588376	119990	118103	
559	175695	580782	122368	121155	
560	178734	577748	119955	123563	
561	181072	580496	117240	121192	
562	178719	588093	114711	118477	
563	175971	593943	114102	115984	
564	173528	596401	114774	115297	
565	172914	594253	116921	115912	
566	173486	588438	119988	118088	
567	175588	580888	122308	121216	
568	178730	577765	119952	123553	
569	181020	580514	117232	121234	
570	178728	588006	114773	118493	
571	176042	593820	114173	115965	
572	173583	596347	114758	115312	
573	172892	594350	116829	115929	
574	173492	588527	119981	118000	
575	175606	580992	122265	121137	
576	178656	577879	119987	123478	
577	181024	580506	117285	121185	
578	178721	587940	114832	118507	
579	176037	593777	114158	116028	
580	173611	596336	114730	115323	
581	172896	594337	116874	115893	
582	173471	588569	119912	118048	
583	175644	581026	122266	121064	
584	178679	577918	119995	123408	
585	180959	580560	117289	121192	
586	178675	587903	114875	118547	
587	176113	593697	114144	116046	
588	173623	596323	114723	115331	
589	172943	594299	116887	115871	
590	173459	588562	119931	118048	
591	175664	581046	122218	121072	
592	178553	578036	119938	123473	
593	180892	580514	117349	121245	
594	178813	587798	114863	118526	
595	176056	593685	114194	116065	
596	173685	596312	114702	115301	
597	172920	594319	116928	115833	
598	173435	588657	119827	118081	
599	175624	581206	122147	121023	
600	178554	578019	120081	123346	
601	180864	580492	117329	121315	
602	178844	587671	114935	118550	
603	176185	593598	114165	116052	
604	173674	596318	114696	115312	
605	172909	594343	116894	115854	
606	173434	588732	119802	118032	
607	175570	581335	122114	120981	
608	178500	578076	120092	123332	
609	180805	580424	117416	121355	
610	178913	587559	114919	118609	
611	176169	593525	114191	116115	
612	173638	596236	114717	115409	
613	172997	594294	116833	115876	
614	173517	588768	119764	117951	
615	175544	581490	122054	120912	
616	178434	578143	120157	123266	
617	180747	580419	117428	121406	
618	178915	587550	114891	118644	
619	176260	593499	114238	116003	
620	173601	596217	114776	115406	
621	172999	594250	116810	115941	
622	173537	588781	119704	117978	
623	175546	581550	122022	120882	
624	178363	578175	120187	123275	
625	180776	580307	117494	121423	
626	178935	587494	114843	118728	
627	176267	593464	114235	116034	
628	173626	596214	114791	115369	
629	172993	594272	116812	115923	
630	173467	588911	119626	117996	
631	175587	581591	122030	120792	
632	178293	578245	120205	123257	
633	180737	580260	117541	121462	
634	178935	587397	114870	118798	
635	176317	593298	114265	116120	
636	173699	596185	114710	115406	
637	172974	594283	116859	115884	
638	173417	588963	119556	118064	
639	175679	581596	122007	120718	
640	178331	578365	120166	123138	
641	180630	580356	117597	121417	
642	178917	587305	114957	118821	
643	176384	593253	114236	116127	
644	173660	596271	114640	115429	
645	173050	594237	116935	115778	
646	173403	588933	119588	118076	
647	175619	581704	121906	120771	
648	178316	578410	120184	123090	
649	180609	580342	117658	121391	
650	178927	587324	114901	118848	
651	176411	593229	114284	116076	
652	173660	596249	114677	115414	
653	173038	594301	116890	115771	
654	173341	588995	119590	118074	
655	175614	581733	121883	120770	
656	178296	578423	120189	123092	
657	180656	580282	117697	121365	
658	178824	587283	114942	118951	
659	176504	593091	114284	116121	
660	173674	596233	114621	115472	
661	173070	594313	116879	115738	
662	173344	589086	119556	118014	
663	175610	581762	121943	120685	
664	178179	578556	120092	123173	
665	180614	580264	117763	121359	
666	178895	587172	114959	118974	
667	176551	593009	114329	116111	
668	173717	596201	114619	115463	
669	172960	594292	116886	115862	
670	173416	589050	119471	118063	
671	175575	581868	121867	120690	
672	178206	578556	120166	123072	
673	180565	580206	117811	121418	
674	178871	587068	114977	119084	
675	176633	592982	114229	116156	
676	173737	596171	114685	115407	
677	172949	594301	116854	115896	
678	173442	589058	119461	118039	
679	175584	581942	121839	120635	
680	178096	578653	120143	123108	
681	180656	580135	117874	121335	
682	178862	587062	114984	119092	
683	176628	592986	114218	116168	
684	173742	596172	114723	115363	
685	172966	594326	116854	115854	
686	173460	589215	119356	117969	
687	175511	582016	121911	120562	
688	178022	578673	120142	123163	
689	180670	580049	117909	121372	
690	178877	586974	115008	119141	
691	176694	592863	114245	116198	
692	173772	596117	114712	115399	
693	172964	594353	116799	115884	
694	173436	589304	119285	117975	
695	175504	582095	121933	120468	
696	177970	578749	120134	123147	
697	180615	580040	117966	121379	
698	178912	586888	115035	119165	
699	176695	592822	114236	116247	
700	173845	596072	114724	115359	
701	172982	594390	116788	115840	
702	173412	589385	119257	117946	
703	175535	582200	121883	120382	
704	177942	578847	120170	123041	
705	180509	580117	117974	121400	
706	178809	586822	115106	119263	
707	176758	592675	114252	116315	
708	173895	596007	114698	115400	
709	173010	594360	116817	115813	
710	173398	589380	119244	117978	
711	175562	582208	121811	120419	
712	177967	578938	120105	122990	
713	180510	580139	118030	121321	
714	178801	586742	115170	119287	
715	176799	592563	114264	116374	
716	173919	596003	114639	115439	
717	173001	594374	116835	115790	
718	173422	589424	119231	117923	
719	175454	582350	121773	120423	
720	177947	579025	120085	122943	
721	180426	580186	118079	121309	
722	178840	586673	115206	119281	
723	176820	592511	114281	116388	
724	173901	595910	114699	115490	
725	173080	594326	116760	115834	
726	173368	589454	119240	117938	
727	175525	582400	121693	120382	
728	177910	579075	120119	122896	
729	180417	580182	118098	121303	
730	178747	586707	115176	119370	
731	176880	592347	114368	116405	
732	174000	595855	114639	115506	
733	173105	594322	116794	115779	
734	173323	589506	119205	117966	
735	175450	582425	121701	120424	
736	177942	579132	120008	122918	
737	180480	580204	118147	121169	
738	178757	586689	115261	119293	
739	176824	592352	114389	116435	
740	173977	595832	114620	115571	
741	173085	594375	116715	115825	
742	173428	589525	119219	117828	
743	175396	582486	121746	120372	
744	177901	579087	120052	122960	
745	180423	580181	118100	121296	
746	178816	586623	115258	119303	
747	176834	592345	114369	116452	
748	173982	595755	114707	115556	
749	173129	594349	116653	115869	
750	173380	589551	119194	117875	
751	175431	582503	121700	120366	
752	177936	579098	120091	122875	
753	180406	580214	118117	121263	
754	178793	586666	115247	119294	
755	176827	592364	114396	116413	
756	173854	595859	114652	115635	
757	173232	594290	116686	115792	
758	173352	589553	119233	117862	
759	175391	582481	121699	120429	
760	177901	579063	120094	122942	
761	180451	580099	118147	121303	
762	178848	586696	115117	119339	
763	176855	592346	114496	116303	
764	173888	595859	114627	115626	
765	173188	594362	116676	115774	
766	173349	589665	119183	117803	
767	175380	582573	121714	120333	
768	177814	579121	120146	122919	
769	180350	580096	118140	121414	
770	178954	586552	115179	119315	
771	176840	592306	114486	116368	
772	173900	595812	114622	115666	
773	173153	594306	116694	115847	
774	173445	589608	119115	117832	
775	175356	582715	121635	120294	
776	177772	579136	120240	122852	
777	180364	580059	118128	121449	
778	178928	586516	115188	119368	
779	176896	592333	114417	116354	
780	173954	595774	114742	115530	
781	173128	594334	116661	115877	
782	173393	589681	119051	117875	
783	175426	582716	121645	120213	
784	177731	579190	120234	122845	
785	180346	580029	118183	121442	
786	178979	586436	115221	119364	
787	176871	592301	114398	116430	
788	173978	595763	114680	115579	
789	173197	594303	116708	115792	
790	173296	589762	119022	117920	
791	175361	582700	121628	120311	
792	177770	579096	120263	122871	
793	180355	580014	118142	121489	
794	179020	586434	115248	119298	
795	176790	592279	114481	116450	
796	173978	595786	114566	115670	
797	173229	594394	116659	115718	
798	173306	589848	119060	117786	
799	175311	582768	121668	120253	
800	177743	579025	120326	122906	
801	180434	579968	118073	121525	
802	179078	586402	115267	119253	
803	176741	592226	114514	116519	
804	174066	595659	114588	115687	
805	173307	594411	116583	115699	
806	173239	589986	119016	117759	
807	175318	582816	121701	120165	
808	177682	579101	120338	122879	
809	180309	580066	118021	121604	
810	179151	586310	115335	119204	
811	176714	592187	114591	116508	
812	174027	595657	114531	115785	
813	173393	594326	116623	115658	
814	173215	590020	118986	117779	
815	175326	582960	121579	120135	
816	177602	579115	120468	122815	
817	180328	580007	118001	121664	
818	179121	586346	115292	119241	
819	176770	592093	114680	116457	
820	173985	595645	114519	115851	
821	173485	594272	116623	115620	
822	173109	590173	118893	117825	
823	175379	582953	121631	120037	
824	177579	579181	120427	122813	
825	180312	579979	118071	121638	
826	179117	586342	115250	119291	
827	176761	591956	114794	116489	
828	174024	595595	114411	115970	
829	173504	594258	116655	115583	
830	173115	590180	118869	117836	
831	175413	582964	121613	120010	
832	177571	579249	120408	122772	
833	180270	580068	118050	121612	
834	179148	586300	115318	119234	
835	176691	591953	114791	116565	
836	174023	595531	114397	116049	
837	173594	594149	116693	115564	
838	173094	590172	118869	117865	
839	175364	583019	121550	120067	
840	177577	579224	120444	122755	
841	180179	580137	117975	121709	
842	179203	586299	115311	119187	
843	176737	591910	114892	116461	
844	173974	595520	114397	116109	
845	173702	594139	116649	115510	
846	173041	590252	118888	117819	
847	175383	583101	121473	120043	
848	177546	579264	120503	122687	
849	180185	580110	118007	121698	
850	179173	586304	115268	119255	
851	176793	591766	115001	116440	
852	173977	595523	114322	116178	
853	173781	594121	116666	115432	
854	172979	590342	118853	117826	
855	175352	583133	121462	120053	
856	177560	579311	120463	122666	
857	180120	580084	118079	121717	
858	179218	586236	115264	119282	
859	176783	591662	115074	116481	
860	174127	595462	114253	116158	
861	173755	594255	116641	115349	
862	172979	590431	118852	117738	
863	175248	583289	121416	120047	
864	177542	579348	120500	122610	
865	180122	580113	118053	121712	
866	179165	586109	115434	119292	
867	176770	591547	115028	116655	
868	174235	595315	114274	116176	
869	173791	594275	116559	115375	
870	172917	590545	118818	117720	
871	175262	583317	121430	119991	
872	177527	579413	120466	122594	
873	180077	580188	118042	121693	
874	179186	586039	115519	119256	
875	176672	591435	115088	116805	
876	174395	595204	114202	116199	
877	173791	594316	116562	115331	
878	172868	590577	118817	117738	
879	175263	583372	121370	119995	
880	177510	579445	120484	122561	
881	180011	580254	117971	121764	
882	179248	585888	115674	119190	
883	176693	591366	115078	116863	
884	174327	595192	114165	116316	
885	173816	594277	116557	115350	
886	172946	590609	118780	117665	
887	175159	583563	121308	119970	
888	177520	579464	120556	122460	
889	179943	580276	117991	121790	
890	179328	585854	115642	119176	
891	176730	591356	115112	116802	
892	174349	595111	114262	116278	
893	173775	594293	116457	115475	
894	173054	590540	118803	117603	
895	175160	583643	121220	119977	
896	177509	579487	120614	122390	
897	179850	580271	118017	121862	
898	179316	585783	115639	119262	
899	176816	591343	115050	116791	
900	174283	595124	114323	116270	
901	173835	594248	116458	115459	
902	173035	590565	118801	117599	
903	175120	583756	121151	119973	
904	177469	579567	120610	122354	
905	179855	580223	118104	121818	
906	179365	585782	115582	119271	
907	176717	591311	115118	116854	
908	174369	594981	114342	116308	
909	173815	594211	116421	115553	
910	173166	590548	118760	117526	
911	175056	583878	121141	119925	
912	177432	579582	120647	122339	
913	179860	580308	118012	121820	
914	179363	585801	115651	119185	
915	176668	591356	115097	116879	
916	174433	594851	114471	116245	
917	173809	594218	116351	115622	
918	173173	590583	118738	117506	
919	175070	583909	121144	119877	
920	177410	579625	120652	122313	
921	179804	580375	117966	121855	
922	179391	585760	115718	119131	
923	176667	591341	115103	116889	
924	174462	594837	114470	116231	
925	173777	594226	116368	115629	
926	173158	590576	118716	117550	
927	175090	583933	121103	119874	
928	177354	579647	120684	122315	
929	179843	580330	117966	121861	
930	179285	585731	115757	119227	
931	176743	591253	115066	116938	
932	174492	594826	114460	116222	
933	173757	594223	116398	115622	
934	173176	590612	118649	117563	
935	175123	583918	121158	119801	
936	177308	579752	120588	122352	
937	179845	580346	118033	121776	
938	179248	585717	115795	119240	
939	176723	591230	115038	117009	
940	174622	594769	114464	116145	
941	173678	594263	116422	115637	
942	173255	590606	118627	117512	
943	175020	584003	121166	119811	
944	177309	579763	120551	122377	
945	179946	580340	118003	121711	
946	179194	585660	115916	119230	
947	176758	591182	114970	117090	
948	174610	594666	114563	116161	
949	173679	594275	116311	115735	
950	173228	590664	118580	117528	
951	175028	583942	121236	119794	
952	177267	579791	120492	122450	
953	179942	580299	118047	121712	
954	179175	585631	115920	119274	
955	176765	591146	114969	117120	
956	174720	594686	114514	116080	
957	173632	594363	116341	115664	
958	173211	590739	118555	117495	
959	175060	583994	121252	119694	
960	177137	579878	120484	122501	
961	179966	580261	118054	121719	
962	179137	585521	116018	119324	
963	176810	591032	114931	117227	
964	174760	594647	114507	116086	
965	173702	594329	116368	115601	
966	173171	590885	118437	117507	
967	175014	584086	121278	119622	
968	177128	579951	120442	122479	
969	179967	580268	118122	121643	
970	179090	585484	116050	119376	
971	176923	590900	114993	117184	
972	174738	594611	114479	116172	
973	173692	594335	116307	115666	
974	173257	590874	118439	117430	
975	174945	584149	121266	119640	
976	177173	579988	120409	122430	
977	179890	580284	118190	121636	
978	179119	585461	116031	119389	
979	176891	590902	114978	117229	
980	174768	594550	114541	116141	
981	173683	594373	116248	115696	
982	173213	590869	118486	117432	
983	174916	584167	121208	119709	
984	177178	579970	120419	122433	
985	179892	580256	118189	121663	
986	179188	585369	116071	119372	
987	176952	590865	114982	117201	
988	174719	594599	114506	116176	
989	173677	594402	116222	115699	
990	173229	590896	118475	117400	
991	174925	584223	121184	119668	
992	177171	579966	120478	122385	
993	179870	580191	118240	121699	
994	179193	585313	116025	119469	
995	176982	590858	114969	117191	
996	174675	594640	114511	116174	
997	173714	594361	116221	115704	
998	173274	590890	118465	117371	
999	174858	584309	121147	119686	
1000	177164	579960	120514	122362	
1001	179834	580131	118293	121742	
1002	179190	585328	115942	119540	
1003	177075	590813	114994	117118	
1004	174658	594649	114566	116127	
1005	173661	594455	116165	115719	
1006	173305	590934	118464	117297	
1007	174780	584403	121139	119678	
1008	177183	580005	120479	122333	
1009	179869	580082	118402	121647	
1010	179134	585303	115971	119592	
1011	177130	590763	114943	117164	
1012	174707	594582	114608	116103	
1013	173686	594491	116081	115742	
1014	173311	591001	118479	117209	
1015	174730	584418	121192	119660	
1016	177211	580057	120403	122329	
1017	179796	580132	118427	121645	
1018	179111	585234	115990	119665	
1019	177170	590659	114989	117182	
1020	174740	594520	114609	116131	
1021	173699	594504	116042	115755	
1022	173320	591020	118502	117158	
1023	174694	584534	121092	119680	
1024	177136	580138	120414	122312	
1025	179792	580090	118470	121648	
1026	179141	585161	116026	119672	
1027	177189	590587	115018	117206	
1028	174772	594445	114606	116177	
1029	173710	594503	116018	115769	
1030	173341	591082	118422	117155	
1031	174659	584631	121097	119613	
1032	177109	580145	120444	122302	
1033	179766	580118	118464	121652	
1034	179153	585108	116076	119663	
1035	177180	590566	115001	117253	
1036	174777	594407	114646	116170	
1037	173722	594529	115958	115791	
1038	173319	591110	118437	117134	
1039	174609	584654	121066	119671	
1040	177168	580095	120459	122278	
1041	179769	580079	118487	121665	
1042	179125	585066	116080	119729	
1043	177203	590488	115018	117291	
1044	174831	594365	114610	116194	
1045	173728	594588	115900	115784	
1046	173304	591144	118471	117081	
1047	174642	584679	121067	119612	
1048	177110	580190	120440	122260	
1049	179698	580140	118487	121675	