%Iteration	Healthy	Infected_1	Infected_2	Dead	
%pHIV=	[5, 1000]	; pINF=	[974, 10000000]	

0	995344	4656	0	0	
1	921328	78672	0	0	
2	660297	339703	0	0	
3	327568	672432	0	0	
4	126070	873930	0	0	
5	68594	931406	0	0	
6	59819	940181	0	0	
7	58889	862439	78672	0	
8	58809	601488	261031	78672	
9	136664	268768	332729	261839	
10	395765	67373	201498	335364	
11	726850	10823	57476	204851	
12	925943	5785	8775	59497	
13	975533	14198	930	9339	
14	966780	32120	80	1020	
15	938542	61355	9	94	
16	896429	103458	103	10	
17	841168	157803	926	103	
18	774326	221009	3737	928	
19	698680	288229	9343	3748	
20	620424	352196	18002	9378	
21	547347	405309	29244	18100	
22	484472	443901	42206	29421	
23	437544	464669	55271	42516	
24	410690	466677	66943	55690	
25	406529	449428	76563	67480	
26	420825	419929	81969	77277	
27	451280	383624	82357	82739	
28	493883	342144	80798	83175	
29	540153	302186	76039	81622	
30	585748	268440	68951	76861	
31	623946	246997	59314	69743	
32	650592	236959	52470	59979	
33	661202	239672	46052	53074	
34	657309	256772	39318	46601	
35	639644	284481	36081	39794	
36	608886	319452	35205	36457	
37	571547	355008	37871	35574	
38	531495	387857	42432	38216	
39	493015	415430	48765	42790	
40	459400	435002	56418	49180	
41	432495	446777	63790	56938	
42	413830	451647	70176	64347	
43	404471	451286	73427	70816	
44	403493	447120	75281	74106	
45	408768	438886	76338	76008	
46	418447	428445	75990	77118	
47	429344	418320	75565	76771	
48	439060	409577	75046	76317	
49	447393	403681	73066	75860	
50	453556	401526	71115	73803	
51	455051	405024	68104	71821	
52	450921	414694	65549	68836	
53	440378	427950	65440	66232	
54	424072	443501	66303	66124	
55	406333	459570	67170	66927	
56	389756	473456	68960	67828	
57	374656	484055	71602	69687	
58	362057	490431	75219	72293	
59	351615	493742	78696	75947	
60	343213	495496	81854	79437	
61	336323	497801	83239	82637	
62	330486	502602	82846	84066	
63	326010	508058	82201	83731	
64	321467	513931	81595	83007	
65	315671	519848	82007	82474	
66	308417	525118	83608	82857	
67	300341	529669	85544	84446	
68	292944	532985	87647	86424	
69	284825	538984	87657	88534	
70	276338	547680	87468	88514	
71	265595	558135	87924	88346	
72	254436	567893	88878	88793	
73	243038	577121	90095	89746	
74	232225	585817	90963	90995	
75	222680	591760	93656	91904	
76	213788	595437	96164	94611	
77	209228	595271	98379	97122	
78	206404	595588	98636	99372	
79	205234	595772	99323	99671	
80	203586	596437	99659	100318	
81	202662	597130	99599	100609	
82	202082	597438	99841	100639	
83	201709	599229	98213	100849	
84	201330	600480	98953	99237	
85	199128	601435	99507	99930	
86	198265	600922	100324	100489	
87	196241	602142	100292	101325	
88	193958	604631	100149	101262	
89	189846	608952	100004	101198	
90	185570	613215	100204	101011	
91	181417	616966	100462	101155	
92	178011	620635	99811	101543	
93	175525	622193	101512	100770	
94	172176	622679	102638	102507	
95	171766	620188	104325	103721	
96	171502	618693	104467	105338	
97	172472	617773	104213	105542	
98	172448	618799	103480	105273	
99	172116	620295	103070	104519	
100	171542	621263	103124	104071	
101	170481	623476	101834	104209	
102	169844	624295	102972	102889	
103	167597	625084	103293	104026	
104	167760	623442	104506	104292	
105	166775	623108	104566	105551	
106	167178	623058	104092	105672	
107	166539	624244	104047	105170	
108	165117	625957	103791	105135	
109	164493	626578	104082	104847	
110	163754	628273	102864	105109	
111	163620	628238	104232	103910	
112	162112	628570	104042	105276	
113	163231	626420	105233	105116	
114	163059	625140	105504	106297	
115	164307	624490	104703	106500	
116	164407	625246	104559	105788	
117	163653	626502	104197	105648	
118	163549	626828	104374	105249	
119	163160	628327	103083	105430	
120	163363	628294	104224	104119	
121	162126	628581	104053	105240	
122	163258	626330	105315	105097	
123	163164	625036	105453	106347	
124	164386	624386	104700	106528	
125	164571	625083	104582	105764	
126	163843	626328	104191	105638	
127	163699	626701	104340	105260	
128	163371	628179	103064	105386	
129	163548	628211	104159	104082	
130	162233	628526	104050	105191	
131	163342	626267	105279	105112	
132	163293	624963	105436	106308	
133	164455	624364	104713	106468	
134	164548	625119	104542	105791	
135	163891	626339	104191	105579	
136	163645	626745	104365	105245	
137	163317	628279	103020	105384	
138	163387	628399	104132	104082	
139	162068	628636	104114	105182	
140	163156	626381	105297	105166	
141	163148	625075	105411	106366	
142	164363	624397	104771	106469	
143	164383	625179	104554	105884	
144	163849	626298	104252	105601	
145	163532	626813	104351	105304	
146	163193	628321	103042	105444	
147	163321	628443	104105	104131	
148	162039	628734	104093	105134	
149	163000	626496	105336	105168	
150	163057	625180	105371	106392	
151	164265	624428	104866	106441	
152	164323	625175	104550	105952	
153	163841	626302	104227	105630	
154	163545	626762	104384	105309	
155	163277	628203	103098	105422	
156	163382	628385	104055	104178	
157	162141	628614	104114	105131	
158	163078	626419	105297	105206	
159	163218	625095	105354	106333	
160	164370	624409	104844	106377	
161	164350	625187	104539	105924	
162	163823	626269	104237	105671	
163	163612	626773	104343	105272	
164	163187	628329	103102	105382	
165	163301	628525	104030	104144	
166	162083	628708	104158	105051	
167	162935	626509	105317	105239	
168	163175	625157	105319	106349	
169	164332	624503	104847	106318	
170	164237	625207	104658	105898	
171	163768	626271	104226	105735	
172	163634	626758	104341	105267	
173	163195	628315	103118	105372	
174	163266	628573	103967	104194	
175	162114	628706	104193	104987	
176	162832	626537	105362	105269	
177	163161	625116	105290	106433	
178	164293	624481	104828	106398	
179	164313	625117	104675	105895	
180	163793	626223	104225	105759	
181	163634	626721	104326	105319	
182	163242	628173	103193	105392	
183	163307	628580	103869	104244	
184	162225	628708	104193	104874	
185	162836	626642	105311	105211	
186	163151	625174	105331	106344	
187	164263	624505	104824	106408	
188	164328	625121	104645	105906	
189	163786	626202	104276	105736	
190	163685	626711	104321	105283	
191	163140	628208	103245	105407	
192	163335	628526	103863	104276	
193	162210	628745	104155	104890	
194	162801	626731	105261	105207	
195	163097	625225	105357	106321	
196	164260	624536	104830	106374	
197	164264	625106	104742	105888	
198	163778	626248	104181	105793	
199	163658	626721	104374	105247	
200	163092	628190	103247	105471	
201	163340	628495	103851	104314	
202	162237	628760	104141	104862	
203	162726	626764	105312	105198	
204	163122	625241	105323	106314	
205	164144	624606	104847	106403	
206	164244	625131	104716	105909	
207	163715	626325	104156	105804	
208	163647	626728	104406	105219	
209	163088	628167	103316	105429	
210	163318	628553	103800	104329	
211	162215	628767	104212	104806	
212	162650	626845	105241	105264	
213	163056	625237	105350	106357	
214	164160	624564	104809	106467	
215	164308	625051	104755	105886	
216	163777	626255	104186	105782	
217	163655	626684	104426	105235	
218	163127	628090	103319	105464	
219	163305	628561	103742	104392	
220	162208	628820	104136	104836	
221	162777	626882	105242	105099	
222	162966	625342	105390	106302	
223	164172	624504	104855	106469	
224	164323	624997	104725	105955	
225	163853	626135	104213	105799	
226	163695	626629	104395	105281	
227	163139	628065	103304	105492	
228	163370	628412	103850	104368	
229	162244	628846	104017	104893	
230	162802	626951	105218	105029	
231	162895	625493	105351	106261	
232	164095	624587	104889	106429	
233	164328	625027	104740	105905	
234	163768	626250	104197	105785	
235	163625	626661	104451	105263	
236	163131	628049	103323	105497	
237	163422	628374	103893	104311	
238	162166	628862	103983	104989	
239	162844	626905	105180	105071	
240	162983	625365	105420	106232	
241	164108	624522	104862	106508	
242	164465	624922	104711	105902	
243	163897	626156	104218	105729	
244	163691	626578	104471	105260	
245	163246	628045	103223	105486	
246	163403	628417	103880	104300	
247	162232	628841	104019	104908	
248	162805	626993	105111	105091	
249	163001	625403	105452	106144	
250	164066	624560	104893	106481	
251	164344	624997	104690	105969	
252	163822	626152	104252	105774	
253	163564	626597	104443	105396	
254	163202	627966	103263	105569	
255	163437	628389	103862	104312	
256	162223	628861	104050	104866	
257	162722	627038	105127	105113	
258	162983	625431	105407	106179	
259	164001	624609	104888	106502	
260	164375	625062	104632	105931	
261	163765	626250	104285	105700	
262	163540	626574	104522	105364	
263	163229	627902	103304	105565	
264	163365	628433	103800	104402	
265	162202	628827	104066	104905	
266	162727	627054	105085	105134	
267	162997	625405	105473	106125	
268	163960	624666	104846	106528	
269	164381	625086	104632	105901	
270	163744	626225	104331	105700	
271	163590	626590	104460	105360	
272	163147	627949	103312	105592	
273	163386	628384	103824	104406	
274	162210	628756	104107	104927	
275	162762	626993	105052	105193	
276	163044	625365	105470	106121	
277	163989	624653	104825	106533	
278	164452	625061	104671	105816	
279	163676	626350	104259	105715	
280	163586	626643	104479	105292	
281	163132	628039	103289	105540	
282	163401	628426	103842	104331	
283	162232	628827	104113	104828	
284	162616	627070	105079	105235	
285	163116	625246	105548	106090	
286	163979	624685	104772	106564	
287	164405	625072	104685	105838	
288	163704	626339	104229	105728	
289	163594	626637	104514	105255	
290	163091	627997	103322	105590	
291	163436	628461	103724	104379	
292	162282	628770	104211	104737	
293	162575	627072	105072	105281	
294	163117	625255	105496	106132	
295	163954	624671	104812	106563	
296	164394	625050	104682	105874	
297	163692	626361	104188	105759	
298	163564	626636	104520	105280	
299	163062	627916	103374	105648	
300	163499	628391	103679	104431	
301	162293	628745	104228	104734	
302	162549	627081	105061	105309	
303	163216	625233	105499	106052	
304	163876	624749	104795	106580	
305	164437	625064	104654	105845	
306	163711	626442	104154	105693	
307	163546	626686	104582	105186	
308	163042	627923	103397	105638	
309	163522	628402	103651	104425	
310	162272	628707	104311	104710	
311	162519	627116	104969	105396	
312	163325	625184	105532	105959	
313	163791	624762	104826	106621	
314	164452	624984	104634	105930	
315	163787	626384	104130	105699	
316	163553	626646	104616	105185	
317	162973	627920	103378	105729	
318	163608	628374	103600	104418	
319	162233	628680	104404	104683	
320	162607	627133	104856	105404	
321	163262	625279	105530	105929	
322	163825	624738	104878	106559	
323	164384	625007	104652	105957	
324	163801	626458	104054	105687	
325	163516	626655	104710	105119	
326	162971	627965	103309	105755	
327	163610	628367	103676	104347	
328	162230	628746	104337	104687	
329	162569	627159	104921	105351	
330	163229	625317	105505	105949	
331	163848	624726	104907	106519	
332	164323	625062	104619	105996	
333	163867	626407	104078	105648	
334	163441	626674	104716	105169	
335	163005	627910	103334	105751	
336	163594	628371	103663	104372	
337	162179	628763	104316	104742	
338	162521	627107	104955	105417	
339	163248	625336	105423	105993	
340	163856	624707	104983	106454	
341	164311	625118	104570	106001	
342	163823	626419	104124	105634	
343	163452	626648	104708	105192	
344	163023	627911	103299	105767	
345	163559	628405	103652	104384	
346	162267	628731	104354	104648	
347	162492	627141	104981	105386	
348	163226	625314	105425	106035	
349	163897	624694	104937	106472	
350	164352	625107	104562	105979	
351	163842	626404	104146	105608	
352	163467	626679	104680	105174	
353	163038	627852	103391	105719	
354	163574	628403	103598	104425	
355	162263	628772	104317	104648	
356	162479	627169	104975	105377	
357	163186	625323	105443	106048	
358	163913	624663	104955	106469	
359	164338	625102	104564	105996	
360	163911	626387	104149	105553	
361	163465	626670	104686	105179	
362	163067	627844	103372	105717	
363	163630	628419	103597	104354	
364	162123	628856	104295	104726	
365	162635	627069	105003	105293	
366	163094	625376	105434	106096	
367	163884	624617	104969	106530	
368	164370	625056	104546	106028	
369	163749	626374	104172	105705	
370	163520	626507	104732	105241	
371	163064	627920	103216	105800	
372	163633	628342	103741	104284	
373	162174	628868	104210	104748	
374	162594	627164	104985	105257	
375	163112	625364	105490	106034	
376	163836	624705	104865	106594	
377	164424	625030	104629	105917	
378	163759	626400	104163	105678	
379	163530	626531	104736	105203	
380	163017	627886	103281	105816	
381	163620	628331	103690	104359	
382	162226	628867	104206	104701	
383	162522	627251	104954	105273	
384	163080	625373	105533	106014	
385	163834	624710	104867	106589	
386	164415	625007	104636	105942	
387	163776	626396	104135	105693	
388	163546	626554	104742	105158	
389	163017	627863	103338	105782	
390	163633	628344	103655	104368	
391	162205	628880	104204	104711	
392	162550	627267	104933	105250	
393	163033	625396	105524	106047	
394	163957	624628	104900	106515	
395	164354	625048	104647	105951	
396	163744	626388	104136	105732	
397	163532	626516	104740	105212	
398	163058	627846	103320	105776	
399	163576	628363	103653	104408	
400	162241	628932	104132	104695	
401	162525	627238	105067	105170	
402	162949	625420	105476	106155	
403	163972	624634	104868	106526	
404	164364	625056	104650	105930	
405	163746	626367	104170	105717	
406	163527	626524	104701	105248	
407	163074	627798	103373	105755	
408	163544	628335	103658	104463	
409	162328	628911	104082	104679	
410	162509	627274	105072	105145	
411	162957	625410	105481	106152	
412	164012	624603	104858	106527	
413	164311	625071	104647	105971	
414	163804	626309	104195	105692	
415	163580	626569	104658	105193	
416	163028	627833	103435	105704	
417	163559	628373	103617	104451	
418	162300	629004	104051	104645	
419	162427	627317	105115	105141	
420	162927	625423	105433	106217	
421	164036	624546	104918	106500	
422	164303	625008	104699	105990	
423	163736	626262	104157	105845	
424	163720	626427	104682	105171	
425	163022	627829	103428	105721	
426	163567	628436	103539	104458	
427	162301	629092	104041	104566	
428	162388	627362	105161	105089	
429	162912	625468	105411	106209	
430	164073	624643	104847	106437	
431	164246	625003	104830	105921	
432	163714	626242	104146	105898	
433	163714	626400	104697	105189	
434	163023	627806	103431	105740	
435	163515	628458	103517	104510	
436	162273	629090	104022	104615	
437	162424	627297	105190	105089	
438	162875	625456	105385	106284	
439	164116	624595	104855	106434	
440	164282	624976	104837	105905	
441	163726	626194	104169	105911	
442	163740	626386	104654	105220	
443	163012	627856	103397	105735	
444	163527	628455	103544	104474	
445	162287	629126	103994	104593	
446	162360	627329	105218	105093	
447	162978	625435	105387	106200	
448	164020	624704	104846	106430	
449	164247	624995	104867	105891	
450	163656	626213	104143	105988	
451	163821	626323	104665	105191	
452	163066	627815	103421	105698	
453	163484	628492	103493	104531	
454	162426	628983	104115	104476	
455	162299	627365	105158	105178	
456	163041	625411	105361	106187	
457	164008	624805	104775	106412	
458	164161	625025	104913	105901	
459	163724	626129	104170	105977	
460	163807	626376	104606	105211	
461	162990	627752	103540	105718	
462	163469	628466	103407	104658	
463	162538	628875	104169	104418	
464	162236	627377	105133	105254	
465	163059	625473	105274	106194	
466	164003	624800	104853	106344	
467	164124	625016	104916	105944	
468	163760	626141	104121	105978	
469	163787	626435	104578	105200	
470	163030	627720	103635	105615	
471	163383	628503	103370	104744	
472	162595	628824	104180	104401	
473	162218	627408	105132	105242	
474	163089	625501	105246	106164	
475	163974	624844	104872	106310	
476	164102	625029	104920	105949	
477	163835	626071	104153	105941	
478	163767	626528	104501	105204	
479	162985	627702	103716	105597	
480	163450	628482	103339	104729	
481	162507	628850	104215	104428	
482	162260	627377	105105	105258	
483	163063	625570	105195	106172	
484	163940	624808	104958	106294	
485	164109	624987	104890	106014	
486	163827	626097	104119	105957	
487	163814	626466	104583	105137	
488	162909	627770	103632	105689	
489	163447	628421	103388	104744	
490	162534	628798	104196	104472	
491	162300	627399	105069	105232	
492	163024	625609	105229	106138	
493	163975	624805	104952	106268	
494	164129	624954	104936	105981	
495	163814	626175	104039	105972	
496	163774	626532	104573	105121	
497	162946	627773	103670	105611	
498	163480	628401	103439	104680	
499	162516	628870	104148	104466	
500	162295	627442	105085	105178	
501	163008	625611	105260	106121	
502	163973	624824	104930	106273	
503	164088	625009	104911	105992	
504	163785	626163	104067	105985	
505	163854	626456	104617	105073	
506	162895	627775	103657	105673	
507	163469	628371	103429	104731	
508	162589	628831	104143	104437	
509	162291	627459	105096	105154	
510	162939	625655	105221	106185	
511	164043	624798	104910	106249	
512	164057	624991	104976	105976	
513	163735	626152	104025	106088	
514	163850	626409	104603	105138	
515	162962	627673	103724	105641	
516	163477	628342	103417	104764	
517	162598	628920	104053	104429	
518	162245	627497	105169	105089	
519	162875	625703	105186	106236	
520	164083	624858	104860	106199	
521	163986	625082	104988	105944	
522	163775	626110	104086	106029	
523	163908	626384	104631	105077	
524	162863	627687	103746	105704	
525	163553	628298	103392	104757	
526	162525	628963	104015	104497	
527	162275	627404	105212	105109	
528	162976	625681	105114	106229	
529	164072	624874	104905	106149	
530	163955	625042	105049	105954	
531	163730	626124	104003	106143	
532	163880	626316	104680	105124	
533	162964	627693	103653	105690	
534	163535	628397	103391	104677	
535	162467	628974	104098	104461	
536	162277	627371	105217	105135	
537	162864	625724	105085	106327	
538	164106	624866	104872	106156	
539	163934	625081	105030	105955	
540	163730	626063	104095	106112	
541	163894	626254	104675	105177	
542	162975	627677	103614	105734	
543	163508	628357	103438	104697	
544	162516	628995	104014	104475	
545	162250	627410	105245	105095	
546	162871	625709	105077	106343	
547	164126	624857	104866	106151	
548	163948	625065	105037	105950	
549	163774	626026	104118	106082	
550	163854	626291	104652	105203	
551	163051	627621	103660	105668	
552	163435	628445	103376	104744	
553	162627	629004	104014	104355	
554	162118	627516	105245	105121	
555	162956	625694	105079	106271	
556	164029	624857	104917	106197	
557	164039	625038	104990	105933	
558	163770	626006	104200	106024	
559	163852	626343	104573	105232	
560	163003	627589	103757	105651	
561	163441	628486	103257	104816	
562	162590	628995	104080	104335	
563	162112	627579	105171	105138	
564	162905	625675	105168	106252	
565	164030	624804	104910	106256	
566	164026	624984	105003	105987	
567	163778	625986	104154	106082	
568	163818	626314	104589	105279	
569	163110	627515	103755	105620	
570	163386	628517	103264	104833	
571	162618	629011	104039	104332	
572	162183	627591	105183	105043	
573	162811	625753	105156	106280	
574	164049	624791	104917	106243	
575	164062	625013	104956	105969	
576	163728	625956	104266	106050	
577	163805	626309	104533	105353	
578	163178	627488	103763	105571	
579	163357	628486	103318	104839	
580	162642	629033	103955	104370	
581	162136	627655	105178	105031	
582	162828	625730	105209	106233	
583	163988	624831	104886	106295	
584	164092	625029	104942	105937	
585	163691	625957	104316	106036	
586	163801	626271	104502	105426	
587	163208	627415	103800	105577	
588	163347	628468	103284	104901	
589	162744	628980	103987	104289	
590	162060	627720	105140	105080	
591	162881	625687	105244	106188	
592	163993	624887	104816	106304	
593	164107	625077	104944	105872	
594	163685	625972	104337	106006	
595	163854	626279	104499	105368	
596	163189	627407	103880	105524	
597	163348	628526	103211	104915	
598	162693	629000	104016	104291	
599	162111	627711	105134	105044	
600	162878	625736	105232	106154	
601	163960	624951	104806	106283	
602	164066	625048	105008	105878	
603	163741	625930	104330	105999	
604	163768	626317	104490	105425	
605	163178	627379	103845	105598	
606	163377	628432	103257	104934	
607	162786	628923	104021	104270	
608	162062	627741	105105	105092	
609	162861	625746	105212	106181	
610	163971	624856	104877	106296	
611	164097	625037	104907	105959	
612	163771	625973	104310	105946	
613	163791	626374	104512	105323	
614	163130	627390	103923	105557	
615	163355	628455	103217	104973	
616	162781	628976	103987	104256	
617	162055	627822	105088	105035	
618	162870	625770	105246	106114	
619	163906	624867	104913	106314	
620	164117	624982	104939	105962	
621	163740	625978	104282	106000	
622	163757	626366	104508	105369	
623	163192	627339	103934	105535	
624	163319	628492	103194	104995	
625	162794	628960	104010	104236	
626	162013	627863	105054	105070	
627	162918	625728	105278	106076	
628	163872	624899	104896	106333	
629	164099	625034	104907	105960	
630	163764	625935	104347	105954	
631	163782	626357	104478	105383	
632	163176	627326	103957	105541	
633	163349	628513	103143	104995	
634	162824	628937	104067	104172	
635	161967	627872	105042	105119	
636	162954	625738	105248	106060	
637	163917	624939	104900	106244	
638	164052	625083	104926	105939	
639	163742	625947	104330	105981	
640	163784	626354	104491	105371	
641	163129	627317	103977	105577	
642	163383	628475	103114	105028	
643	162791	628914	104101	104194	
644	161956	627784	105070	105190	
645	162989	625683	105194	106134	
646	163951	624925	104898	106226	
647	163992	625087	104940	105981	
648	163770	625968	104272	105990	
649	163720	626347	104540	105393	
650	163157	627276	103940	105627	
651	163408	628499	103093	105000	
652	162788	628918	104140	104154	
653	161891	627754	105102	105253	
654	163091	625651	105153	106105	
655	163872	624979	104919	106230	
656	164015	625129	104869	105987	
657	163728	625983	104316	105973	
658	163784	626298	104559	105359	
659	163177	627306	103938	105579	
660	163344	628579	103050	105027	
661	162819	628832	104247	104102	
662	161880	627787	105019	105314	
663	163155	625637	105170	106038	
664	163802	625076	104874	106248	
665	164090	625086	104946	105878	
666	163661	626024	104323	105992	
667	163815	626347	104500	105338	
668	163084	627348	103974	105594	
669	163344	628575	103020	105061	
670	162862	628763	104313	104062	
671	161843	627819	104956	105382	
672	163173	625560	105261	106006	
673	163812	625059	104823	106306	
674	164036	625058	104975	105931	
675	163664	625993	104247	106096	
676	163820	626318	104501	105361	
677	163170	627293	104012	105525	
678	163321	628619	103002	105058	
679	162815	628773	104322	104090	
680	161903	627755	104974	105368	
681	163131	625627	105182	106060	
682	163902	625070	104826	106202	
683	163982	625141	104987	105890	
684	163751	625955	104328	105966	
685	163765	626390	104476	105369	
686	163136	627364	103956	105544	
687	163340	628615	103054	104991	
688	162799	628844	104269	104088	
689	161895	627757	105058	105290	
690	163083	625673	105142	106102	
691	163846	625015	104911	106228	
692	164019	625078	104930	105973	
693	163762	625959	104305	105974	
694	163776	626375	104498	105351	
695	163120	627347	103971	105562	
696	163372	628571	103058	104999	
697	162830	628844	104253	104073	
698	161857	627847	104993	105303	
699	163079	625688	105186	106047	
700	163847	625009	104914	106230	
701	164052	625073	104943	105932	
702	163711	626022	104282	105985	
703	163756	626378	104526	105340	
704	163112	627303	103996	105589	
705	163322	628554	103027	105097	
706	162818	628802	104235	104145	
707	161884	627769	105007	105340	
708	163083	625574	105231	106112	
709	163894	624933	104882	106291	
710	164006	625073	104921	106000	
711	163765	625961	104278	105996	
712	163748	626399	104483	105370	
713	163147	627342	103974	105537	
714	163311	628620	103036	105033	
715	162821	628871	104241	104067	
716	161820	627800	105061	105319	
717	163064	625617	105166	106153	
718	163998	624919	104921	106162	
719	163935	625165	104917	105983	
720	163782	625952	104314	105952	
721	163775	626404	104492	105329	
722	163097	627355	103990	105558	
723	163354	628639	102983	105024	
724	162749	628941	104223	104087	
725	161848	627703	105163	105286	
726	163048	625602	105101	106249	
727	164026	624875	104944	106155	
728	163900	625127	104941	106032	
729	163802	625927	104267	106004	
730	163742	626366	104525	105367	
731	163127	627351	103925	105597	
732	163399	628642	103000	104959	
733	162753	628982	104217	104048	
734	161826	627704	105193	105277	
735	163041	625621	105067	106271	
736	164087	624857	104964	106092	
737	163911	625192	104910	105987	
738	163787	625978	104291	105944	
739	163705	626369	104557	105369	
740	163166	627335	103915	105584	
741	163427	628676	102984	104913	
742	162669	629059	104200	104072	
743	161838	627651	105245	105266	
744	163037	625566	105077	106320	
745	164116	624820	104948	106116	
746	163939	625200	104881	105980	
747	163775	625976	104325	105924	
748	163740	626331	104583	105346	
749	163102	627406	103837	105655	
750	163406	628670	102992	104932	
751	162707	629045	104202	104046	
752	161839	627671	105261	105229	
753	163053	625560	105101	106286	
754	163999	624842	104938	106221	
755	163995	625096	104912	105997	
756	163736	625991	104256	106017	
757	163820	626314	104577	105289	
758	163050	627410	103887	105653	
759	163440	628630	102990	104940	
760	162689	629014	104220	104077	
761	161858	627707	105166	105269	
762	163031	625585	105151	106233	
763	164001	624889	104900	106210	
764	163930	625079	104983	106008	
765	163836	625963	104210	105991	
766	163775	626364	104604	105257	
767	163054	627445	103859	105642	
768	163422	628638	103029	104911	
769	162689	629038	104204	104069	
770	161924	627708	105173	105195	
771	162989	625714	105094	106203	
772	163957	624870	105005	106168	
773	163952	625055	104940	106053	
774	163882	625971	104222	105925	
775	163695	626412	104604	105289	
776	163113	627429	103843	105615	
777	163396	628620	103100	104884	
778	162629	629018	104161	104192	
779	161984	627695	105125	105196	
780	162972	625711	105138	106179	
781	163902	624798	105045	106255	
782	164022	625006	104860	106112	
783	163885	625893	104291	105931	
784	163723	626385	104559	105333	
785	163070	627484	103802	105644	
786	163438	628571	103154	104837	
787	162677	629048	104132	104143	
788	161889	627825	105068	105218	
789	162967	625709	105178	106146	
790	163922	624794	105051	106233	
791	163985	624991	104901	106123	
792	163902	625903	104241	105954	
793	163667	626378	104609	105346	
794	163099	627371	103845	105685	
795	163473	628568	103062	104897	
796	162653	629066	104136	104145	
797	161943	627790	105098	105169	
798	163004	625752	105153	106091	
799	163895	624837	105084	106184	
800	163952	625073	104838	106137	
801	163925	625942	104259	105874	
802	163648	626410	104634	105308	
803	163085	627421	103822	105672	
804	163435	628571	103115	104879	
805	162625	629011	104169	104195	
806	162004	627728	105074	105194	
807	162920	625767	105128	106185	
808	163944	624760	105102	106194	
809	163965	625047	104833	106155	
810	163919	625915	104265	105901	
811	163693	626401	104609	105297	
812	163053	627485	103791	105671	
813	163440	628545	103167	104848	
814	162623	629068	104095	104214	
815	162019	627743	105120	105118	
816	162920	625802	105133	106145	
817	163937	624799	105095	106169	
818	163970	625037	104875	106118	
819	163825	625960	104227	105988	
820	163696	626353	104618	105333	
821	163128	627419	103795	105658	
822	163417	628533	103192	104858	
823	162637	629029	104092	104242	
824	162025	627731	105113	105131	
825	162908	625773	105150	106169	
826	163922	624849	105011	106218	
827	164026	625087	104861	106026	
828	163823	625983	104306	105888	
829	163654	626386	104588	105372	
830	163216	627401	103815	105568	
831	163335	628590	103192	104883	
832	162696	629014	104087	104203	
833	162011	627780	105099	105110	
834	162913	625767	105202	106118	
835	163913	624858	104991	106238	
836	164002	625122	104830	106046	
837	163770	625921	104381	105928	
838	163709	626345	104511	105435	
839	163189	627371	103865	105575	
840	163360	628547	103189	104904	
841	162701	629000	104082	104217	
842	162006	627783	105094	105117	
843	162933	625782	105180	106105	
844	163851	624950	104935	106264	
845	164010	625078	104891	106021	
846	163849	625894	104365	105892	
847	163728	626379	104535	105358	
848	163135	627410	103877	105578	
849	163318	628535	103179	104968	
850	162792	628930	104103	104175	
851	161963	627880	105019	105138	
852	162917	625839	105181	106063	
853	163825	624902	105020	106253	
854	164015	625000	104908	106077	
855	163844	625890	104304	105962	
856	163734	626419	104498	105349	
857	163124	627365	103969	105542	
858	163303	628527	103140	105030	
859	162875	628919	104083	104123	
860	161961	627961	105006	105072	
861	162805	625914	105194	106087	
862	163890	624871	105027	106212	
863	164034	625025	104915	106026	
864	163759	625936	104302	106003	
865	163757	626395	104475	105373	
866	163123	627283	104048	105546	
867	163314	628435	103147	105104	
868	162818	628940	103984	104258	
869	162060	627867	105069	105004	
870	162775	625892	105213	106120	
871	163857	624906	104934	106303	
872	164110	625002	104936	105952	
873	163694	625994	104299	106013	
874	163783	626367	104489	105361	
875	163103	627333	103996	105568	
876	163332	628387	103238	105043	
877	162776	628954	103948	104322	
878	162092	627886	105032	104990	
879	162768	625863	105291	106078	
880	163841	624952	104862	106345	
881	164106	625006	104962	105926	
882	163756	626001	104292	105951	
883	163725	626432	104515	105328	
884	163070	627376	103964	105590	
885	163330	628360	103268	105042	
886	162814	628925	103951	104310	
887	162106	627914	105016	104964	
888	162776	625919	105287	106018	
889	163761	624933	104946	106360	
890	164115	624967	104908	106010	
891	163738	626028	104252	105982	
892	163727	626424	104516	105333	
893	163093	627322	104005	105580	
894	163374	628302	103292	105032	
895	162843	628894	103960	104303	
896	162051	627974	104942	105033	
897	162771	625895	105313	106021	
898	163742	624938	104912	106408	
899	164159	624963	104903	105975	
900	163724	626021	104272	105983	
901	163762	626372	104552	105314	
902	163075	627284	104022	105619	
903	163393	628307	103234	105066	
904	162858	628922	103955	104265	
905	161954	628037	104928	105081	
906	162808	625845	105330	106017	
907	163739	624934	104903	106424	
908	164196	624924	104934	105946	
909	163669	626043	104257	106031	
910	163828	626330	104570	105272	
911	163061	627310	104043	105586	
912	163381	628432	103138	105049	
913	162849	629008	103992	104151	
914	161940	628113	104924	105023	
915	162747	625858	105376	106019	
916	163752	624944	104857	106447	
917	164258	624852	105023	105867	
918	163617	626033	104260	106090	
919	163916	626262	104568	105254	
920	163048	627334	104029	105589	
921	163377	628441	103121	105061	
922	162785	629058	103943	104214	
923	161990	628087	104931	104992	
924	162767	625817	105441	105975	
925	163737	624971	104797	106495	
926	164218	624797	105101	105884	
927	163614	625974	104228	106184	
928	163887	626216	104560	105337	
929	163136	627332	103960	105572	
930	163307	628489	103171	105033	
931	162803	629033	103951	104213	
932	162039	628087	104927	104947	
933	162712	625906	105405	105977	
934	163733	625008	104802	106457	
935	164225	624851	105076	105848	
936	163639	625928	104328	106105	
937	163853	626260	104495	105392	
938	163158	627311	103981	105550	
939	163262	628426	103224	105088	
940	162850	628978	103904	104268	
941	162037	628095	104919	104949	
942	162715	625909	105405	105971	
943	163770	624976	104827	106427	
944	164240	624902	105032	105826	
945	163509	625992	104339	106160	
946	163964	626225	104456	105355	
947	163172	627334	104036	105458	
948	163182	628469	103219	105130	
949	162890	628948	103894	104268	
950	162058	628073	104958	104911	
951	162655	625890	105429	106026	
952	163788	625031	104689	106492	
953	164208	624858	105145	105789	
954	163534	625901	104354	106211	
955	163974	626248	104373	105405	
956	163190	627320	104083	105407	
957	163132	628450	103246	105172	
958	162942	628929	103830	104299	
959	162020	628087	104972	104921	
960	162664	625903	105397	106036	
961	163772	625043	104720	106465	
962	164222	624834	105155	105789	
963	163517	625864	104376	106243	
964	163954	626258	104309	105479	
965	163243	627282	104130	105345	
966	163076	628504	103213	105207	
967	162915	628898	103860	104327	
968	162084	628049	104946	104921	
969	162689	625917	105406	105988	
970	163727	625090	104703	106480	
971	164228	624850	105154	105768	
972	163498	625824	104435	106243	
973	163998	626255	104254	105493	
974	163271	627340	104097	105292	
975	163089	628533	103274	105104	
976	162891	628932	103876	104301	
977	162095	628100	104914	104891	
978	162679	625966	105409	105946	
979	163697	625151	104685	106467	
980	164255	624855	105182	105708	
981	163375	625829	104467	106329	
982	164106	626112	104275	105507	
983	163250	627317	104082	105351	
984	163142	628477	103275	105106	
985	162911	628928	103870	104291	
986	162032	628134	104886	104948	
987	162729	625906	105441	105924	
988	163678	625267	104558	106497	
989	164261	624844	105287	105608	
990	163287	625860	104435	106418	
991	164146	626017	104321	105516	
992	163270	627258	104092	105380	
993	163149	628498	103213	105140	
994	162874	628918	103919	104289	
995	162059	628109	104864	104968	
996	162691	625917	105451	105941	
997	163718	625318	104478	106486	
998	164282	624895	105333	105490	
999	163209	625914	104453	106424	
1000	164171	625968	104339	105522	
1001	163298	627281	104055	105366	
1002	163115	628496	103259	105130	
1003	162931	628919	103879	104271	
1004	162036	628130	104910	104924	
1005	162641	625882	105472	106005	
1006	163835	625319	104393	106453	
1007	164214	624971	105368	105447	
1008	163250	625901	104474	106375	
1009	164151	626038	104302	105509	
1010	163173	627253	104121	105453	
1011	163253	628383	103224	105140	
1012	162948	628991	103830	104231	
1013	161989	628113	105020	104878	
1014	162624	625885	105404	106087	
1015	163823	625269	104439	106469	
1016	164172	624947	105336	105545	
1017	163344	625960	104354	106342	
1018	164107	626058	104438	105397	
1019	163132	627222	104142	105504	
1020	163275	628375	103176	105174	
1021	162915	629016	103823	104246	
1022	162033	628099	105014	104854	
1023	162657	625950	105367	106026	
1024	163741	625260	104536	106463	
1025	164192	624893	105306	105609	
1026	163325	625939	104329	106407	
1027	164172	625992	104464	105372	
1028	163116	627259	104097	105528	
1029	163277	628353	103218	105152	
1030	162862	628973	103846	104319	
1031	162088	628091	104939	104882	
1032	162634	625998	105375	105993	
1033	163780	625311	104517	106392	
1034	164122	624918	105364	105596	
1035	163452	625916	104312	106320	
1036	164029	626092	104466	105413	
1037	163224	627253	104057	105466	
1038	163261	628383	103282	105074	
1039	162829	629010	103830	104331	
1040	162143	628060	104971	104826	
1041	162525	626088	105310	106077	
1042	163783	625162	104642	106413	
1043	164189	624917	105218	105676	
1044	163392	625886	104412	106310	
1045	164039	626017	104457	105487	
1046	163226	627225	104021	105528	
1047	163265	628308	103338	105089	
1048	162863	629051	103716	104370	
1049	162192	628134	104973	104701	