%Iteration	Healthy	Infected_1	Infected_2	Dead	
%pHIV=	[5, 10000]	; pINF=	[1, 10000]	

0	999552	448	0	0	
1	992044	7956	0	0	
2	960150	39850	0	0	
3	893075	106925	0	0	
4	786559	205485	7956	0	
5	649084	311066	31894	7956	
6	507905	393040	67075	31980	
7	400400	425680	106516	67404	
8	353573	401722	137475	107230	
9	377414	335028	149049	138509	
10	461899	248490	139156	150455	
11	578671	167147	113517	140665	
12	695874	106900	82355	114871	
13	788181	75612	52618	83589	
14	844323	70000	32174	53503	
15	861651	83532	22108	32709	
16	846759	109508	21330	22403	
17	809652	142219	26562	21567	
18	760418	177150	35640	26792	
19	706628	210147	47306	35919	
20	656711	236345	59273	47671	
21	615368	254324	70571	59737	
22	586912	261589	80303	71196	
23	575772	257715	85471	81042	
24	583836	241318	88550	86296	
25	604586	218461	87568	89385	
26	633533	196392	81597	88478	
27	664327	181040	72153	82480	
28	688769	173509	64711	73011	
29	701475	173570	59528	65427	
30	703107	179933	56801	60159	
31	694728	190704	57180	57388	
32	678905	203715	59589	57791	
33	658217	218441	63164	60178	
34	633818	234475	67951	63756	
35	609399	249425	72600	68576	
36	584774	264062	77890	73274	
37	560534	276818	83985	78663	
38	538317	289351	87550	84782	
39	520487	298516	92527	88470	
40	506135	303713	96741	93411	
41	498300	303969	100083	97648	
42	493555	303738	101692	101015	
43	490909	304429	101938	102724	
44	488471	308236	100339	102954	
45	484169	313008	101461	101362	
46	476005	318897	102629	102469	
47	466586	325596	104146	103672	
48	455333	333299	106233	105135	
49	442236	341946	108518	107300	
50	428295	351219	110845	109641	
51	414499	359602	113936	111963	
52	400307	367424	117165	115104	
53	387589	373960	120118	118333	
54	375845	380562	122319	121274	
55	364271	387224	124987	123518	
56	352418	394739	126654	126189	
57	342621	400521	128921	127937	
58	332064	406087	131649	130200	
59	323044	409924	134169	132863	
60	314886	414872	134703	135539	
61	307403	419304	137215	136078	
62	297632	425807	138006	138555	
63	290653	430213	139651	139483	
64	282808	434525	141647	141020	
65	275459	436921	144509	143111	
66	269402	440513	144057	146028	
67	264443	444123	145959	145475	
68	257115	448543	146905	147437	
69	252923	451105	147649	148323	
70	247959	453325	149569	149147	
71	244619	452955	151325	151101	
72	242738	454231	150211	152820	
73	241001	455447	151789	151763	
74	236668	459092	150955	153285	
75	235226	460811	151487	152476	
76	231373	462636	153005	152986	
77	228765	462128	154600	154507	
78	227559	463090	153206	156145	
79	226849	463562	154830	154759	
80	223627	465914	154092	156367	
81	223326	466854	154168	155652	
82	220834	468174	155302	155690	
83	219318	467387	156444	156851	
84	219417	467438	155108	158037	
85	219897	466806	156622	156675	
86	218159	468018	155657	158166	
87	219192	468388	155159	157261	
88	217894	469396	155990	156720	
89	216901	468647	156869	157583	
90	217303	468747	155529	158421	
91	217792	468117	156998	157093	
92	216184	469200	156120	158496	
93	217239	469394	155629	157738	
94	216406	470065	156368	157161	
95	215793	469093	157203	157911	
96	216441	468954	155823	158782	
97	217166	468381	157039	157414	
98	215771	469428	156231	158570	
99	216818	469775	155684	157723	
100	215806	470483	156466	157245	
101	215252	469465	157278	158005	
102	215858	469257	156031	158854	
103	216579	468614	157174	157633	
104	215346	469666	156260	158728	
105	216492	469822	155823	157863	
106	215732	470327	156531	157410	
107	215429	469218	157312	158041	
108	216052	469085	155979	158884	
109	216789	468602	157036	157573	
110	215372	469849	156203	158576	
111	216267	470091	155846	157796	
112	215386	470563	156553	157498	
113	215118	469308	157450	158124	
114	215656	469171	156088	159085	
115	216670	468615	157025	157690	
116	215292	469917	156195	158596	
117	216087	470126	155951	157836	
118	215391	470639	156469	157501	
119	214904	469452	157497	158147	
120	215584	469125	156160	159131	
121	216663	468643	156982	157712	
122	215243	469903	156310	158544	
123	216006	470245	155833	157916	
124	215409	470682	156500	157409	
125	214851	469470	157570	158109	
126	215576	469101	156175	159148	
127	216586	468705	156937	157772	
128	215259	469915	156358	158468	
129	215910	470357	155806	157927	
130	215315	470725	156541	157419	
131	214816	469490	157568	158126	
132	215503	469067	156248	159182	
133	216608	468677	156909	157806	
134	215281	469948	156333	158438	
135	215782	470408	155825	157985	
136	215409	470676	156519	157396	
137	214835	469495	157604	158066	
138	215470	469056	156285	159189	
139	216603	468752	156787	157858	
140	215288	469942	156423	158347	
141	215763	470409	155846	157982	
142	215386	470686	156483	157445	
143	214846	469498	157613	158043	
144	215397	469053	156313	159237	
145	216566	468723	156760	157951	
146	215331	469868	156425	158376	
147	215845	470356	155868	157931	
148	215363	470787	156430	157420	
149	214845	469592	157570	157993	
150	215344	469104	156356	159196	
151	216649	468575	156861	157915	
152	215395	469843	156375	158387	
153	215762	470386	155868	157984	
154	215338	470849	156332	157481	
155	214859	469559	157643	157939	
156	215379	469013	156411	159197	
157	216667	468575	156795	157963	
158	215338	469866	156353	158443	
159	215844	470339	155865	157952	
160	215399	470811	156357	157433	
161	214906	469554	157644	157896	
162	215294	469117	156338	159251	
163	216624	468603	156829	157944	
164	215312	469873	156387	158428	
165	215817	470310	155901	157972	
166	215329	470867	156315	157489	
167	214852	469585	157657	157906	
168	215325	469146	156338	159191	
169	216555	468646	156872	157927	
170	215345	469869	156375	158411	
171	215829	470368	155899	157904	
172	215322	470868	156372	157438	
173	214769	469622	157598	158011	
174	215419	469020	156398	159163	
175	216598	468573	156872	157957	
176	215390	469808	156352	158450	
177	215902	470433	155796	157869	
178	215187	470953	156425	157435	
179	214701	469621	157587	158091	
180	215440	468966	156421	159173	
181	216553	468514	156945	157988	
182	215395	469854	156255	158496	
183	215930	470502	155766	157802	
184	215170	471001	156493	157336	
185	214750	469630	157595	158025	
186	215375	469019	156414	159192	
187	216612	468442	156992	157954	
188	215314	469879	156224	158583	
189	215947	470437	155803	157813	
190	215208	471011	156415	157366	
191	214645	469638	157661	158056	
192	215351	468993	156361	159295	
193	216716	468399	156989	157896	
194	215214	469869	156288	158629	
195	216001	470438	155716	157845	
196	215199	471104	156395	157302	
197	214623	469586	157758	158033	
198	215356	468964	156285	159395	
199	216781	468312	157061	157846	
200	215176	469914	156240	158670	
201	216079	470473	155663	157785	
202	215179	471190	156409	157222	
203	214592	469599	157842	157967	
204	215321	469027	156222	159430	
205	216735	468284	157126	157855	
206	215236	469813	156251	158700	
207	216038	470441	155650	157871	
208	215213	471157	156383	157247	
209	214582	469669	157780	157969	
210	215299	469029	156278	159394	
211	216801	468287	157099	157813	
212	215193	469856	156292	158659	
213	216021	470471	155638	157870	
214	215245	471223	156357	157175	
215	214547	469696	157861	157896	
216	215216	469076	156253	159455	
217	216764	468260	157109	157867	
218	215195	469746	156334	158725	
219	216090	470380	155633	157897	
220	215340	471233	156293	157134	
221	214474	469839	157820	157867	
222	215182	469139	156267	159412	
223	216672	468275	157146	157907	
224	215241	469587	156426	158746	
225	216097	470324	155567	158012	
226	215349	471208	156282	157161	
227	214496	469886	157738	157880	
228	215316	469138	156304	159242	
229	216657	468338	157166	157839	
230	215286	469630	156416	158668	
231	215927	470439	155556	158078	
232	215423	471069	156366	157142	
233	214460	469870	157708	157962	
234	215223	469060	156365	159352	
235	216778	468341	156996	157885	
236	215197	469666	156509	158628	
237	216022	470372	155555	158051	
238	215442	471148	156277	157133	
239	214500	469804	157834	157862	
240	215265	469086	156261	159388	
241	216721	468351	157053	157875	
242	215201	469659	156490	158650	
243	216015	470399	155543	158043	
244	215412	471150	156318	157120	
245	214530	469825	157798	157847	
246	215155	469135	156283	159427	
247	216730	468275	157069	157926	
248	215340	469553	156473	158634	
249	216066	470339	155593	158002	
250	215342	471237	156209	157212	
251	214572	469867	157751	157810	
252	215182	469125	156379	159314	
253	216768	468249	157107	157876	
254	215186	469715	156381	158718	
255	216074	470350	155637	157939	
256	215334	471269	156231	157166	
257	214517	469835	157847	157801	
258	215181	469141	156272	159406	
259	216716	468223	157150	157911	
260	215256	469599	156413	158732	
261	216053	470372	155578	157997	
262	215333	471288	156232	157147	
263	214489	469929	157789	157793	
264	215118	469168	156351	159363	
265	216638	468231	157148	157983	
266	215272	469548	156430	158750	
267	216098	470312	155590	158000	
268	215327	471284	156211	157178	
269	214538	469958	157747	157757	
270	215117	469220	156354	159309	
271	216673	468237	157183	157907	
272	215292	469564	156421	158723	
273	216124	470319	155616	157941	
274	215218	471342	156200	157240	
275	214493	469939	157748	157820	
276	215129	469153	156371	159347	
277	216588	468147	157223	158042	
278	215339	469465	156345	158851	
279	216235	470291	155585	157889	
280	215255	471364	156217	157164	
281	214529	470027	157663	157781	
282	215124	469215	156411	159250	
283	216619	468113	157290	157978	
284	215266	469497	156326	158911	
285	216124	470284	155599	157993	
286	215277	471324	156188	157211	
287	214550	469998	157710	157742	
288	215007	469256	156386	159351	
289	216710	468121	157228	157941	
290	215268	469544	156384	158804	
291	216210	470258	155644	157888	
292	215224	471460	156093	157223	
293	214634	469989	157807	157570	
294	214907	469399	156358	159336	
295	216655	468111	157295	157939	
296	215324	469540	156336	158800	
297	216157	470189	155768	157886	
298	215264	471413	156007	157316	
299	214682	470011	157765	157542	
300	214887	469375	156417	159321	
301	216716	468127	157231	157926	
302	215251	469572	156363	158814	
303	216118	470141	155781	157960	
304	215274	471382	155983	157361	
305	214643	469963	157808	157586	
306	214942	469369	156350	159339	
307	216605	468179	157224	157992	
308	215292	469485	156389	158834	
309	216137	470113	155756	157994	
310	215332	471316	156034	157318	
311	214702	470079	157695	157524	
312	214810	469501	156384	159305	
313	216587	468186	157237	157990	
314	215292	469410	156458	158840	
315	216144	469988	155806	158062	
316	215363	471281	155922	157434	
317	214823	470058	157682	157437	
318	214799	469582	156384	159235	
319	216621	468250	157215	157914	
320	215290	469499	156459	158752	
321	216075	469966	155908	158051	
322	215365	471239	155883	157513	
323	214897	469994	157708	157401	
324	214695	469632	156375	159298	
325	216625	468278	157156	157941	
326	215269	469539	156463	158729	
327	216060	469890	156013	158037	
328	215304	471253	155802	157641	
329	214935	469955	157724	157386	
330	214698	469632	156364	159306	
331	216640	468252	157165	157943	
332	215254	469544	156426	158776	
333	216177	469854	156041	157928	
334	215247	471361	155785	157607	
335	214887	469998	157718	157397	
336	214747	469601	156351	159301	
337	216561	468150	157292	157997	
338	215289	469444	156355	158912	
339	216289	469850	155954	157907	
340	215268	471377	155841	157514	
341	214853	470095	157649	157403	
342	214690	469704	156360	159246	
343	216562	468126	157368	157944	
344	215295	469397	156367	158941	
345	216234	469821	155969	157976	
346	215276	471352	155790	157582	
347	214940	470084	157638	157338	
348	214708	469719	156393	159180	
349	216465	468225	157321	157989	
350	215294	469425	156370	158911	
351	216170	469802	156028	158000	
352	215356	471261	155827	157556	
353	214870	470168	157570	157392	
354	214770	469720	156405	159105	
355	216425	468315	157286	157974	
356	215281	469363	156477	158879	
357	216242	469821	155957	157980	
358	215341	471277	155881	157501	
359	214851	470189	157525	157435	
360	214754	469723	156415	159108	
361	216367	468244	157337	158052	
362	215332	469295	156437	158936	
363	216298	469792	155949	157961	
364	215279	471333	155858	157530	
365	214842	470225	157488	157445	
366	214698	469727	156446	159129	
367	216365	468153	157399	158083	
368	215405	469263	156380	158952	
369	216211	469844	155948	157997	
370	215331	471328	155825	157516	
371	214792	470301	157490	157417	
372	214690	469685	156529	159096	
373	216422	468177	157309	158092	
374	215440	469255	156463	158842	
375	216175	469896	155913	158016	
376	215296	471384	155801	157519	
377	214869	470246	157541	157344	
378	214659	469665	156554	159122	
379	216450	468132	157289	158129	
380	215475	469303	156403	158819	
381	216118	469916	155973	157993	
382	215337	471393	155756	157514	
383	214846	470282	157574	157298	
384	214623	469665	156586	159126	
385	216464	468183	157233	158120	
386	215392	469306	156463	158839	
387	216152	469853	155969	158026	
388	215390	471360	155751	157499	
389	214815	470274	157586	157325	
390	214664	469690	156516	159130	
391	216326	468223	157258	158193	
392	215498	469197	156500	158805	
393	216141	469891	155932	158036	
394	215351	471342	155791	157516	
395	214755	470360	157474	157411	
396	214771	469619	156626	158984	
397	216375	468272	157242	158111	
398	215374	469291	156492	158843	
399	216175	469902	155885	158038	
400	215278	471306	155895	157521	
401	214869	470191	157511	157429	
402	214803	469684	156496	159017	
403	216281	468333	157299	158087	
404	215381	469353	156396	158870	
405	216099	469877	155989	158035	
406	215239	471164	155948	157649	
407	214917	470118	157416	157549	
408	214851	469645	156513	158991	
409	216305	468381	157235	158079	
410	215352	469440	156370	158838	
411	216044	469863	156040	158053	
412	215342	471057	155971	157630	
413	214939	470104	157429	157528	
414	214873	469695	156463	158969	
415	216251	468541	157165	158043	
416	215394	469442	156476	158688	
417	215950	469893	156054	158103	
418	215470	470938	156011	157581	
419	214929	470172	157377	157522	
420	214850	469725	156505	158920	
421	216202	468634	157056	158108	
422	215425	469364	156611	158600	
423	215943	469859	156058	158140	
424	215457	470953	155965	157625	
425	214909	470186	157341	157564	
426	214844	469676	156553	158927	
427	216218	468588	157059	158135	
428	215412	469353	156574	158661	
429	215888	469856	156043	158213	
430	215496	470894	155971	157639	
431	214907	470191	157339	157563	
432	214858	469680	156546	158916	
433	216217	468656	157009	158118	
434	215323	469383	156636	158658	
435	215932	469810	156035	158223	
436	215512	470882	155985	157621	
437	214949	470163	157363	157525	
438	214757	469799	156462	158982	
439	216307	468641	157057	157995	
440	215285	469438	156644	158633	
441	215924	469764	156098	158214	
442	215515	470909	155899	157677	
443	214951	470127	157441	157481	
444	214702	469813	156424	159061	
445	216308	468622	157044	158026	
446	215314	469404	156659	158623	
447	215890	469741	156110	158259	
448	215516	470911	155853	157720	
449	215001	470109	157441	157449	
450	214707	469790	156447	159056	
451	216337	468596	157023	158044	
452	215301	469426	156639	158634	
453	215938	469752	156128	158182	
454	215389	471007	155829	157775	
455	215075	470072	157469	157384	
456	214656	469835	156454	159055	
457	216387	468537	157084	157992	
458	215285	469531	156534	158650	
459	215964	469749	156217	158070	
460	215333	471063	155786	157818	
461	215107	469993	157528	157372	
462	214564	469810	156435	159191	
463	216447	468424	157100	158029	
464	215225	469539	156458	158778	
465	216107	469658	156252	157983	
466	215284	471187	155714	157815	
467	215142	470029	157573	157256	
468	214507	469954	156371	159168	
469	216417	468353	157243	157987	
470	215300	469497	156415	158788	
471	216038	469639	156296	158027	
472	215333	471185	155642	157840	
473	215047	470098	157559	157296	
474	214513	469853	156438	159196	
475	216412	468314	157188	158086	
476	215329	469398	156472	158801	
477	216033	469686	156193	158088	
478	215410	471213	155649	157728	
479	215036	470218	157556	157190	
480	214436	469931	156481	159152	
481	216448	468341	157176	158035	
482	215366	469377	156561	158696	
483	216030	469714	156194	158062	
484	215272	471299	155586	157843	
485	215125	470101	157597	157177	
486	214520	469822	156531	159127	
487	216367	468317	157171	158145	
488	215424	469443	156399	158734	
489	215977	469762	156252	158009	
490	215270	471211	155666	157853	
491	215080	470116	157525	157279	
492	214566	469775	156571	159088	
493	216402	468365	157115	158118	
494	215410	469467	156430	158693	
495	215889	469803	156230	158078	
496	215328	471140	155705	157827	
497	215090	470085	157532	157293	
498	214540	469761	156566	159133	
499	216376	468429	157042	158153	
500	215377	469489	156477	158657	
501	215896	469758	156242	158104	
502	215342	471102	155710	157846	
503	215082	470067	157537	157314	
504	214578	469783	156511	159128	
505	216402	468452	157054	158092	
506	215362	469512	156502	158624	
507	215924	469807	156227	158042	
508	215307	471164	155723	157806	
509	215055	470078	157562	157305	
510	214543	469771	156522	159164	
511	216409	468388	157080	158123	
512	215342	469469	156476	158713	
513	215988	469746	156215	158051	
514	215297	471194	155697	157812	
515	215053	470082	157557	157308	
516	214602	469797	156492	159109	
517	216362	468402	157145	158091	
518	215342	469485	156445	158728	
519	215924	469776	156207	158093	
520	215418	471101	155750	157731	
521	214941	470141	157528	157390	
522	214604	469727	156498	159171	
523	216444	468399	157075	158082	
524	215436	469418	156568	158578	
525	215813	469918	156084	158185	
526	215507	471125	155747	157621	
527	214935	470193	157587	157285	
528	214493	469702	156584	159221	
529	216476	468402	156954	158168	
530	215470	469392	156655	158483	
531	215739	469914	156093	158254	
532	215526	471152	155654	157668	
533	214901	470195	157645	157259	
534	214539	469630	156615	159216	
535	216459	468440	156892	158209	
536	215451	469364	156688	158497	
537	215786	469909	156050	158255	
538	215549	471151	155702	157598	
539	214887	470249	157612	157252	
540	214542	469706	156595	159157	
541	216344	468458	156944	158254	
542	215501	469245	156710	158544	
543	215805	469854	156052	158289	
544	215537	471138	155696	157629	
545	214882	470341	157497	157280	
546	214531	469722	156661	159086	
547	216375	468437	156980	158208	
548	215492	469278	156700	158530	
549	215809	469890	156042	158259	
550	215442	471154	155695	157709	
551	214963	470210	157541	157286	
552	214508	469681	156654	159157	
553	216376	468400	156959	158265	
554	215472	469342	156597	158589	
555	215880	469845	156125	158150	
556	215348	471207	155678	157767	
557	215074	470189	157539	157198	
558	214497	469801	156628	159074	
559	216302	468417	157040	158241	
560	215462	469363	156521	158654	
561	215914	469746	156240	158100	
562	215343	471165	155656	157836	
563	215045	470218	157467	157270	
564	214614	469811	156623	158952	
565	216245	468511	157075	158169	
566	215383	469408	156520	158689	
567	215877	469739	156216	158168	
568	215441	470986	155775	157798	
569	215006	470176	157417	157401	
570	214649	469798	156547	159006	
571	216246	468578	157022	158154	
572	215379	469380	156607	158634	
573	215907	469751	156169	158173	
574	215400	471027	155802	157771	
575	215067	470175	157409	157349	
576	214606	469870	156540	158984	
577	216261	468562	157078	158099	
578	215341	469430	156557	158672	
579	215890	469708	156235	158167	
580	215394	470995	155770	157841	
581	215088	470120	157425	157367	
582	214596	469873	156513	159018	
583	216247	468573	157057	158123	
584	215377	469437	156550	158636	
585	215869	469738	156266	158127	
586	215398	471019	155757	157826	
587	215106	470153	157414	157327	
588	214516	469863	156567	159054	
589	216278	468516	157038	158168	
590	215381	469418	156548	158653	
591	215857	469697	156277	158169	
592	215458	471035	155691	157816	
593	215104	470199	157450	157247	
594	214507	469914	156556	159023	
595	216259	468566	157029	158146	
596	215406	469390	156614	158590	
597	215816	469699	156271	158214	
598	215410	471013	155681	157896	
599	215174	470155	157438	157233	
600	214494	469930	156580	158996	
601	216212	468609	156995	158184	
602	215443	469426	156580	158551	
603	215786	469690	156355	158169	
604	215379	470979	155674	157968	
605	215156	470128	157397	157319	
606	214605	469842	156619	158934	
607	216114	468668	156963	158255	
608	215537	469412	156546	158505	
609	215703	469781	156333	158183	
610	215479	470873	155789	157859	
611	215046	470231	157290	157433	
612	214701	469747	156702	158850	
613	216125	468736	156881	158258	
614	215488	469403	156648	158461	
615	215694	469854	156218	158234	
616	215501	470853	155870	157776	
617	215054	470207	157315	157424	
618	214667	469764	156669	158900	
619	216136	468735	156869	158260	
620	215559	469368	156669	158404	
621	215620	469868	156226	158286	
622	215550	470821	155840	157789	
623	215045	470244	157302	157409	
624	214658	469744	156726	158872	
625	216144	468799	156793	158264	
626	215542	469392	156725	158341	
627	215553	469880	156226	158341	
628	215585	470761	155848	157806	
629	215107	470211	157318	157364	
630	214574	469786	156714	158926	
631	216124	468813	156729	158334	
632	215567	469349	156768	158316	
633	215549	469819	156289	158343	
634	215584	470782	155756	157878	
635	215102	470226	157304	157368	
636	214622	469751	156759	158868	
637	216154	468826	156719	158301	
638	215518	469412	156748	158322	
639	215511	469821	156284	158384	
640	215594	470714	155794	157898	
641	215148	470145	157334	157373	
642	214567	469780	156693	158960	
643	216214	468835	156687	158264	
644	215558	469465	156765	158212	
645	215443	469877	156328	158352	
646	215608	470755	155742	157895	
647	215110	470149	157395	157346	
648	214550	469698	156740	159012	
649	216257	468807	156620	158316	
650	215549	469463	156789	158199	
651	215473	469900	156289	158338	
652	215610	470824	155729	157837	
653	215089	470170	157445	157296	
654	214541	469719	156726	159014	
655	216216	468787	156653	158344	
656	215537	469395	156791	158277	
657	215507	469841	156275	158377	
658	215634	470807	155721	157838	
659	215074	470226	157399	157301	
660	214534	469767	156721	158978	
661	216228	468801	156687	158284	
662	215520	469390	156818	158272	
663	215469	469834	156262	158435	
664	215686	470766	155721	157827	
665	214985	470229	157407	157379	
666	214576	469691	156706	159027	
667	216188	468790	156653	158369	
668	215564	469293	156870	158273	
669	215589	469872	156168	158371	
670	215644	470898	155752	157706	
671	214977	470357	157373	157293	
672	214548	469778	156747	158927	
673	216201	468728	156778	158293	
674	215513	469278	156832	158377	
675	215655	469810	156168	158367	
676	215647	470924	155728	157701	
677	214966	470374	157382	157278	
678	214554	469820	156700	158926	
679	216165	468717	156842	158276	
680	215504	469237	156832	158427	
681	215697	469784	156146	158373	
682	215599	470926	155739	157736	
683	214986	470367	157352	157295	
684	214502	469858	156693	158947	
685	216204	468664	156881	158251	
686	215404	469266	156793	158537	
687	215785	469677	156184	158354	
688	215590	470957	155687	157766	
689	214991	470325	157395	157289	
690	214549	469895	156595	158961	
691	216193	468667	156967	158173	
692	215394	469286	156763	158557	
693	215765	469701	156165	158369	
694	215596	470915	155739	157750	
695	214956	470314	157382	157348	
696	214624	469872	156580	158924	
697	216200	468722	156953	158125	
698	215409	469332	156781	158478	
699	215774	469780	156138	158308	
700	215555	470941	155803	157701	
701	215017	470297	157391	157295	
702	214521	469914	156586	158979	
703	216173	468654	156964	158209	
704	215461	469266	156747	158526	
705	215740	469718	156203	158339	
706	215627	470942	155704	157727	
707	215006	470399	157359	157236	
708	214429	469939	156655	158977	
709	216185	468633	156928	158254	
710	215431	469181	156816	158572	
711	215809	469609	156195	158387	
712	215613	470983	155622	157782	
713	214985	470428	157364	157223	
714	214444	469980	156623	158953	
715	216138	468619	156996	158247	
716	215475	469138	156809	158578	
717	215822	469620	156175	158383	
718	215610	470991	155635	157764	
719	215005	470466	157328	157201	
720	214495	469998	156657	158850	
721	216103	468669	157006	158222	
722	215406	469155	156803	158636	
723	215860	469559	156189	158392	
724	215631	470936	155677	157756	
725	214990	470481	157289	157240	
726	214544	470068	156593	158795	
727	215979	468747	157054	158220	
728	215410	469082	156834	158674	
729	215916	469498	156180	158406	
730	215563	470869	155733	157835	
731	214962	470458	157169	157411	
732	214710	470017	156596	158677	
733	215941	468810	157104	158145	
734	215367	469185	156758	158690	
735	215904	469579	156155	158362	
736	215585	470775	155897	157743	
737	214992	470421	157133	157454	
738	214729	470049	156549	158673	
739	215917	468869	157093	158121	
740	215292	469202	156779	158727	
741	215968	469500	156177	158355	
742	215596	470747	155913	157744	
743	215014	470419	157112	157455	
744	214657	470145	156475	158723	
745	215917	468841	157160	158082	
746	215292	469161	156784	158763	
747	215929	469437	156201	158433	
748	215716	470691	155856	157737	
749	214928	470505	157104	157463	
750	214716	470152	156477	158655	
751	215970	468944	157110	157976	
752	215149	469189	156918	158744	
753	215945	469411	156124	158520	
754	215785	470644	155902	157669	
755	214886	470466	157163	157485	
756	214789	470200	156346	158665	
757	215860	469045	157135	157960	
758	215200	469112	156985	158703	
759	215906	469422	156080	158592	
760	215815	470542	155980	157663	
761	214919	470492	157052	157537	
762	214813	470205	156390	158592	
763	215820	469106	157100	157974	
764	215139	469120	157002	158739	
765	215960	469356	156103	158581	
766	215815	470502	156001	157682	
767	214981	470500	157016	157503	
768	214786	470334	156339	158541	
769	215712	469159	157147	157982	
770	215203	469051	157014	158732	
771	215931	469276	156173	158620	
772	215807	470431	155972	157790	
773	215054	470526	156906	157514	
774	214783	470369	156398	158450	
775	215637	469222	157127	158014	
776	215318	469061	157001	158620	
777	215868	469335	156241	158556	
778	215809	470418	155980	157793	
779	214983	470595	156840	157582	
780	214801	470265	156515	158419	
781	215597	469201	157063	158139	
782	215323	468982	157017	158678	
783	215956	469317	156185	158542	
784	215748	470473	155999	157780	
785	215034	470613	156798	157555	
786	214819	470322	156520	158339	
787	215483	469183	157155	158179	
788	215434	468920	156938	158708	
789	215928	469325	156229	158518	
790	215757	470421	156016	157806	
791	215015	470698	156675	157612	
792	214823	470279	156634	158264	
793	215542	469189	157112	158157	
794	215399	468978	156952	158671	
795	215912	469355	156215	158518	
796	215783	470434	156022	157761	
797	214944	470667	156741	157648	
798	214861	470211	156592	158336	
799	215561	469168	157101	158170	
800	215431	468957	156974	158638	
801	215840	469446	156136	158578	
802	215805	470413	156058	157724	
803	214951	470652	156763	157634	
804	214875	470175	156625	158325	
805	215535	469232	157025	158208	
806	215355	468969	157002	158674	
807	215835	469376	156148	158641	
808	215854	470318	156082	157746	
809	215040	470617	156739	157604	
810	214800	470299	156555	158346	
811	215568	469269	157024	158139	
812	215372	469008	157038	158582	
813	215814	469331	156237	158618	
814	215754	470356	155994	157896	
815	215131	470530	156777	157562	
816	214780	470288	156560	158372	
817	215640	469247	157019	158094	
818	215319	469134	156951	158596	
819	215714	469337	156318	158631	
820	215831	470271	155978	157920	
821	215140	470456	156838	157566	
822	214844	470274	156521	158361	
823	215488	469413	156912	158187	
824	215364	469077	157023	158536	
825	215824	469294	156339	158543	
826	215745	470266	156051	157938	
827	215209	470521	156687	157583	
828	214773	470368	156556	158303	
829	215502	469313	157023	158162	
830	215379	469071	156942	158608	
831	215835	469237	156403	158525	
832	215766	470296	155968	157970	
833	215217	470563	156700	157520	
834	214641	470401	156569	158389	
835	215606	469221	157027	158146	
836	215383	469057	156967	158593	
837	215807	469236	156407	158550	
838	215800	470394	155847	157959	
839	215152	470595	156803	157450	
840	214638	470362	156586	158414	
841	215655	469192	157005	158148	
842	215357	469046	157004	158593	
843	215825	469251	156353	158571	
844	215780	470443	155835	157942	
845	215162	470567	156858	157413	
846	214621	470369	156558	158452	
847	215629	469159	157027	158185	
848	215437	469005	156982	158576	
849	215796	469289	156360	158555	
850	215777	470465	155817	157941	
851	215122	470607	156828	157443	
852	214659	470275	156644	158422	
853	215581	469141	156993	158285	
854	215532	468956	156970	158542	
855	215791	469376	156312	158521	
856	215684	470496	155859	157961	
857	215168	470599	156785	157448	
858	214759	470237	156732	158272	
859	215420	469226	156979	158375	
860	215655	468963	156888	158494	
861	215691	469448	156370	158491	
862	215701	470373	155968	157958	
863	215169	470654	156625	157552	
864	214774	470161	156855	158210	
865	215442	469239	156893	158426	
866	215688	468972	156906	158434	
867	215625	469501	156362	158512	
868	215788	470345	155971	157896	
869	215173	470698	156639	157490	
870	214701	470183	156891	158225	
871	215427	469266	156815	158492	
872	215752	468906	156992	158350	
873	215500	469493	156376	158631	
874	215893	470294	155898	157915	
875	215126	470751	156632	157491	
876	214688	470112	156963	158237	
877	215451	469301	156699	158549	
878	215768	468862	157089	158281	
879	215476	469513	156324	158687	
880	215947	470297	155888	157868	
881	215092	470795	156650	157463	
882	214725	470115	156975	158185	
883	215365	469374	156672	158589	
884	215783	468784	157148	158285	
885	215513	469472	156295	158720	
886	215897	470248	155931	157924	
887	215098	470786	156558	157558	
888	214806	470102	156983	158109	
889	215367	469406	156707	158520	
890	215766	468878	157096	158260	
891	215472	469552	156299	158677	
892	215836	470211	156011	157942	
893	215195	470686	156568	157551	
894	214812	470107	156973	158108	
895	215327	469453	156670	158550	
896	215762	468938	157043	158257	
897	215514	469510	156394	158582	
898	215806	470200	156016	157978	
899	215300	470682	156528	157490	
900	214666	470217	156966	158151	
901	215330	469378	156706	158586	
902	215811	468895	157010	158284	
903	215513	469409	156501	158577	
904	215783	470254	155867	158096	
905	215352	470707	156527	157414	
906	214671	470244	157015	158070	
907	215344	469397	156712	158547	
908	215760	468965	156980	158295	
909	215477	469375	156552	158596	
910	215834	470189	155865	158112	
911	215382	470678	156548	157392	
912	214535	470307	156962	158196	
913	215380	469367	156679	158574	
914	215835	468910	157037	158218	
915	215368	469360	156591	158681	
916	215928	470193	155739	158140	
917	215418	470737	156580	157265	
918	214575	470316	157041	158068	
919	215239	469518	156572	158671	
920	215945	468832	157124	158099	
921	215330	469347	156620	158703	
922	215929	470102	155774	158195	
923	215410	470793	156438	157359	
924	214534	470271	157135	158060	
925	215219	469480	156529	158772	
926	215980	468772	157129	158119	
927	215347	469347	156613	158693	
928	215908	470157	155738	158197	
929	215394	470848	156421	157337	
930	214562	470256	157188	157994	
931	215243	469461	156548	158748	
932	215953	468794	157112	158141	
933	215376	469359	156596	158669	
934	215859	470194	155753	158194	
935	215398	470821	156445	157336	
936	214635	470256	157161	157948	
937	215133	469504	156588	158775	
938	215984	468765	157072	158179	
939	215347	469360	156596	158697	
940	215929	470070	155836	158165	
941	215407	470872	156333	157388	
942	214663	470292	157191	157854	
943	215062	469615	156546	158777	
944	216002	468744	157135	158119	
945	215326	469340	156611	158723	
946	215941	469998	155869	158192	
947	215370	470871	156264	157495	
948	214691	470241	157207	157861	
949	215091	469605	156527	158777	
950	216015	468763	157137	158085	
951	215301	469404	156577	158718	
952	215910	470017	155891	158182	
953	215503	470829	156295	157373	
954	214640	470314	157218	157828	
955	215090	469658	156504	158748	
956	215944	468835	157107	158114	
957	215369	469284	156703	158644	
958	215814	470006	155848	158332	
959	215561	470736	156284	157419	
960	214704	470344	157152	157800	
961	214996	469688	156570	158746	
962	215921	468871	157014	158194	
963	215447	469237	156760	158556	
964	215770	469970	155914	158346	
965	215576	470752	156197	157475	
966	214745	470402	157126	157727	
967	214963	469709	156647	158681	
968	215889	468898	156979	158234	
969	215481	469209	156776	158534	
970	215734	469939	155954	158373	
971	215622	470700	156168	157510	
972	214654	470442	157087	157817	
973	215008	469626	156684	158682	
974	215934	468912	156929	158225	
975	215422	469224	156829	158525	
976	215656	469976	155868	158500	
977	215669	470621	156215	157495	
978	214721	470352	157141	157786	
979	215007	469652	156620	158721	
980	215884	468999	156860	158257	
981	215481	469217	156872	158430	
982	215662	469983	155920	158435	
983	215608	470643	156207	157542	
984	214782	470371	157090	157757	
985	215001	469680	156686	158633	
986	215841	469017	156867	158275	
987	215477	469240	156818	158465	
988	215737	469917	155995	158351	
989	215609	470653	156204	157534	
990	214694	470415	157041	157850	
991	215080	469646	156672	158602	
992	215836	468988	156940	158236	
993	215383	469221	156803	158593	
994	215829	469906	155903	158362	
995	215581	470654	156282	157483	
996	214717	470402	157036	157845	
997	215002	469742	156588	158668	
998	215890	468919	157030	158161	
999	215381	469226	156784	158609	
1000	215819	469882	155928	158371	
1001	215616	470694	156207	157483	
1002	214674	470418	157091	157817	
1003	215038	469710	156584	158668	
1004	215874	468929	157019	158178	
1005	215415	469193	156815	158577	
1006	215744	469933	155876	158447	
1007	215728	470641	156238	157393	
1008	214621	470494	157079	157806	
1009	215040	469700	156616	158644	
1010	215916	468996	156946	158142	
1011	215269	469181	156932	158618	
1012	215822	469833	155822	158523	
1013	215634	470618	156242	157506	
1014	214697	470336	157117	157850	
1015	215041	469773	156474	158712	
1016	215918	468985	157027	158070	
1017	215298	469277	156835	158590	
1018	215898	469874	155911	158317	
1019	215510	470736	156239	157515	
1020	214680	470325	157127	157868	
1021	215170	469704	156508	158618	
1022	215825	468980	157101	158094	
1023	215276	469284	156716	158724	
1024	215832	469873	155887	158408	
1025	215601	470532	156377	157490	
1026	214780	470311	157020	157889	
1027	215176	469813	156476	158535	
1028	215743	469158	157036	158063	
1029	215268	469304	156799	158629	
1030	215900	469788	155978	158334	
1031	215536	470509	156381	157574	
1032	214845	470300	156945	157910	
1033	215121	469882	156462	158535	
1034	215712	469102	157102	158084	
1035	215261	469278	156736	158725	
1036	215951	469704	156044	158301	
1037	215514	470537	156322	157627	
1038	214809	470343	156912	157936	
1039	215142	469887	156470	158501	
1040	215708	469076	157155	158061	
1041	215278	469269	156718	158735	
1042	215998	469731	156014	158257	
1043	215509	470580	156344	157567	
1044	214748	470381	156911	157960	
1045	215151	469855	156476	158518	
1046	215694	469015	157193	158098	
1047	215282	469203	156712	158803	
1048	216005	469741	155950	158304	
1049	215570	470598	156353	157479	