%Iteration	Healthy	Infected_1	Infected_2	Dead	
%pHIV=	[5, 100]	; pINF=	[1, 100000]	

0	953104	46896	0	0	
1	468414	531586	0	0	
2	69864	930136	0	0	
3	58830	941170	0	0	
4	58808	941192	0	0	
5	58808	409606	531586	0	
6	58808	11056	398550	531586	
7	585015	24	11034	403927	
8	984857	33	22	15088	
9	999526	263	0	211	
10	999053	939	0	8	
11	997677	2321	2	0	
12	995331	4636	31	2	
13	991764	7975	230	31	
14	986743	12351	676	230	
15	980341	17599	1384	676	
16	972610	23655	2346	1389	
17	964067	30010	3569	2354	
18	954859	36499	5052	3590	
19	944951	43328	6632	5089	
20	934802	50120	8402	6676	
21	924088	57517	9924	8471	
22	912882	65564	11541	10013	
23	900797	74105	13461	11637	
24	887719	83529	15194	13558	
25	874361	93003	17321	15315	
26	860157	102779	19588	17476	
27	845544	112706	22002	19748	
28	831086	122089	24618	22207	
29	817355	131017	26795	24833	
30	804659	138939	29364	27038	
31	791666	146759	31929	29646	
32	779648	154138	34001	32213	
33	767544	162393	35723	34340	
34	757371	169273	37286	36070	
35	746967	175644	39749	37640	
36	737215	181265	41380	40140	
37	728759	185470	43978	41793	
38	721919	189491	44166	44424	
39	719516	189694	46120	44670	
40	718319	188162	47001	46518	
41	718723	185619	48183	47475	
42	719720	183438	48187	48655	
43	722164	182854	46323	48659	
44	724848	182898	45469	46785	
45	724671	183775	45640	45914	
46	723293	184658	46006	46043	
47	722087	185695	45739	46479	
48	719773	188504	45513	46210	
49	715304	192225	46517	45954	
50	709424	196699	46889	46988	
51	702214	203652	46776	47358	
52	694048	210365	48322	47265	
53	683253	217714	50238	48795	
54	673073	224863	51363	50701	
55	662427	232000	53729	51844	
56	655416	235314	55035	54235	
57	648157	238648	57587	55608	
58	639645	243698	58512	58145	
59	631467	248615	60866	59052	
60	621103	259059	58349	61489	
61	612123	268016	60921	58940	
62	597912	276982	63562	61544	
63	583814	286235	65783	64168	
64	569171	295565	68793	66471	
65	554426	306248	69878	69448	
66	540061	316863	72528	70548	
67	525522	326242	75036	73200	
68	515002	331127	78123	75748	
69	504446	336081	80561	78912	
70	496114	339395	83143	81348	
71	488303	343333	84415	83949	
72	480866	350844	83008	85282	
73	471358	359246	85515	83881	
74	458645	368609	86457	86289	
75	449724	374596	88353	87327	
76	441153	379105	90519	89223	
77	432266	382452	93917	91365	
78	423468	385859	95820	94853	
79	416840	392049	94340	96771	
80	409189	400486	95028	95297	
81	399834	406935	97264	95967	
82	393316	409212	99227	98245	
83	385946	413336	100530	100188	
84	376808	418172	103465	101555	
85	366152	425649	103713	104486	
86	356158	437510	101504	104828	
87	343839	448996	104654	102511	
88	328264	457752	108301	105683	
89	321065	458391	111190	109354	
90	315204	459159	113365	112272	
91	310041	459370	116140	114449	
92	304303	461328	117057	117312	
93	299312	470582	111829	118277	
94	291832	481013	114133	113022	
95	277105	491275	116351	115269	
96	271889	491583	119015	117513	
97	266967	491723	121083	120227	
98	263802	489426	124564	122208	
99	259669	487903	126613	125815	
100	257541	495286	119323	127850	
101	253814	504368	121223	120595	
102	240908	514359	122267	122466	
103	236784	514687	125090	123439	
104	231790	515180	126706	126324	
105	229157	512564	130305	127974	
106	225448	510736	132258	131558	
107	223763	517249	125418	133570	
108	220919	525133	127199	126749	
109	210294	533549	127689	128468	
110	208019	532543	130430	129008	
111	204703	531587	131931	131779	
112	203867	527762	135083	133288	
113	201987	525516	136105	136392	
114	201886	531202	129424	137488	
115	200678	537582	130975	130765	
116	192464	543933	131258	132345	
117	192883	540721	133859	132537	
118	191995	537720	135110	135175	
119	193809	532328	137355	136508	
120	194686	529047	137609	138658	
121	196388	534015	130647	138950	
122	196514	539323	132109	132054	
123	189654	544933	131963	133450	
124	191052	541346	134328	133274	
125	190838	537878	135615	135669	
126	193186	532397	137417	137000	
127	194523	529091	137573	138813	
128	196359	533946	130741	138954	
129	196488	539225	132147	132140	
130	189733	544837	131936	133494	
131	191039	541356	134267	133338	
132	190877	537862	135596	135665	
133	193240	532385	137426	136949	
134	194525	529149	137548	138778	
135	196322	533944	130786	138948	
136	196560	539206	132102	132132	
137	189786	544867	131949	133398	
138	191024	541388	134312	133276	
139	190928	537880	135581	135611	
140	193257	532493	137364	136886	
141	194480	529204	137610	138706	
142	196222	533909	130833	139036	
143	196615	539114	132073	132198	
144	189835	544791	131977	133397	
145	190963	541357	134321	133359	
146	190938	537826	135538	135698	
147	193314	532532	137278	136876	
148	194431	529222	137654	138693	
149	196327	533780	130887	139006	
150	196653	539076	132007	132264	
151	190011	544693	131984	133312	
152	191109	541292	134344	133255	
153	190984	537896	135445	135675	
154	193412	532512	137303	136773	
155	194545	529250	137601	138604	
156	196280	533793	130943	138984	
157	196658	538966	132049	132327	
158	189927	544699	131919	133455	
159	191054	541320	134339	133287	
160	190933	537936	135486	135645	
161	193229	532692	137222	136857	
162	194458	529307	137652	138583	
163	196197	533853	130960	138990	
164	196546	539003	132102	132349	
165	189971	544627	131978	133424	
166	190949	541413	134267	133371	
167	190952	537935	135506	135607	
168	193085	532720	137252	136943	
169	194437	529292	137602	138669	
170	196241	533756	131053	138950	
171	196391	539057	132028	132524	
172	190104	544490	132037	133369	
173	190933	541502	134174	133391	
174	190953	538020	135517	135510	
175	193097	532744	137329	136830	
176	194392	529474	137470	138664	
177	196168	533772	131186	138874	
178	196374	538991	132035	132600	
179	190170	544395	132053	133382	
180	191012	541453	134200	133335	
181	190952	538070	135484	135494	
182	193045	532859	137254	136842	
183	194390	529534	137457	138619	
184	196119	533746	131258	138877	
185	196393	538834	132101	132672	
186	190271	544264	132043	133422	
187	191003	541485	134132	133380	
188	190942	538094	135470	135494	
189	192973	532928	137189	136910	
190	194498	529501	137473	138528	
191	196013	533735	131353	138899	
192	196365	538745	132079	132811	
193	190427	544157	132023	133393	
194	190945	541619	134046	133390	
195	191004	538059	135587	135350	
196	192907	533055	137089	136949	
197	194514	529611	137435	138440	
198	195908	533717	131508	138867	
199	196342	538693	132027	132938	
200	190503	544051	132085	133361	
201	190935	541657	133991	133417	
202	191003	538066	135614	135317	
203	192899	533131	137003	136967	
204	194579	529655	137443	138323	
205	195932	533687	131597	138784	
206	196312	538661	132023	133004	
207	190603	543972	132068	133357	
208	190945	541686	133967	133402	
209	191006	538060	135629	135305	
210	192875	533128	136997	137000	
211	194564	529683	137379	138374	
212	195901	533639	131681	138779	
213	196324	538603	132003	133070	
214	190707	543925	132065	133303	
215	190865	541771	133934	133430	
216	191001	538085	135637	135277	
217	192841	533200	136967	136992	
218	194551	529733	137387	138329	
219	195891	533580	131780	138749	
220	196298	538590	131951	133161	
221	190696	543896	132082	133326	
222	190918	541758	133920	133404	
223	190946	538138	135627	135289	
224	192874	533215	136961	136950	
225	194544	529794	137388	138274	
226	195833	533633	131782	138752	
227	196271	538546	132007	133176	
228	190754	543860	132038	133348	
229	190952	541737	133967	133344	
230	190939	538170	135621	135270	
231	192740	533306	136920	137034	
232	194499	529815	137352	138334	
233	195831	533590	131844	138735	
234	196221	538494	132054	133231	
235	190769	543777	132056	133398	
236	190954	541798	133861	133387	
237	190957	538232	135619	135192	
238	192737	533329	136958	136976	
239	194571	529800	137339	138290	
240	195783	533562	131882	138773	
241	196342	538374	132053	133231	
242	190874	543751	132055	133320	
243	190914	541915	133810	133361	
244	190910	538292	135644	135154	
245	192679	533429	136865	137027	
246	194547	529779	137432	138242	
247	195873	533437	131974	138716	
248	196226	538378	132021	133375	
249	190978	543698	132002	133322	
250	190945	542000	133782	133273	
251	190812	538402	135632	135154	
252	192680	533355	136962	137003	
253	194526	529817	137322	138335	
254	195845	533362	132084	138709	
255	196239	538271	132034	133456	
256	191032	543699	131915	133354	
257	190895	542052	133784	133269	
258	190851	538417	135629	135103	
259	192700	533415	136943	136942	
260	194445	529845	137343	138367	
261	195857	533245	132137	138761	
262	196270	538197	131994	133539	
263	191086	543633	131941	133340	
264	190936	542054	133773	133237	
265	190806	538558	135537	135099	
266	192623	533517	136946	136914	
267	194399	529866	137377	138358	
268	195802	533191	132194	138813	
269	196404	538054	132041	133501	
270	191025	543650	131905	133420	
271	190994	542062	133726	133218	
272	190799	538630	135519	135052	
273	192631	533632	136904	136833	
274	194397	529857	137501	138245	
275	195751	533225	132138	138886	
276	196462	537983	132087	133468	
277	191068	543620	131906	133406	
278	191006	542048	133726	133220	
279	190785	538655	135506	135054	
280	192529	533700	136845	136926	
281	194479	529784	137543	138194	
282	195816	533213	132154	138817	
283	196349	538028	132113	133510	
284	191077	543602	131890	133431	
285	191032	542159	133627	133182	
286	190804	538716	135583	134897	
287	192463	533690	136928	136919	
288	194478	529785	137464	138273	
289	195735	533170	132184	138911	
290	196496	537846	132140	133518	
291	191133	543526	131902	133439	
292	191044	542211	133559	133186	
293	190771	538802	135569	134858	
294	192403	533879	136816	136902	
295	194384	529823	137582	138211	
296	195691	533077	132244	138988	
297	196480	537721	132160	133639	
298	191247	543419	131893	133441	
299	191109	542252	133526	133113	
300	190676	538973	135498	134853	
301	192386	533957	136804	136853	
302	194351	529859	137591	138199	
303	195699	532953	132359	138989	
304	196487	537536	132219	133758	
305	191386	543326	131788	133500	
306	191081	542308	133493	133118	
307	190733	539036	135453	134778	
308	192312	534070	136802	136816	
309	194315	529903	137578	138204	
310	195690	532844	132475	138991	
311	196497	537469	132181	133853	
312	191426	543230	131836	133508	
313	191066	542350	133411	133173	
314	190701	539107	135416	134776	
315	192336	534097	136806	136761	
316	194280	529927	137597	138196	
317	195608	532769	132531	139092	
318	196558	537284	132173	133985	
319	191546	543135	131796	133523	
320	191084	542364	133427	133125	
321	190715	539196	135373	134716	
322	192250	534348	136688	136714	
323	194218	530061	137647	138074	
324	195575	532741	132656	139028	
325	196516	537232	132205	134047	
326	191570	543013	131840	133577	
327	191162	542329	133360	133149	
328	190687	539254	135336	134723	
329	192267	534352	136696	136685	
330	194198	530131	137621	138050	
331	195493	532788	132676	139043	
332	196533	537128	132261	134078	
333	191607	542989	131794	133610	
334	191165	542297	133400	133138	
335	190678	539219	135333	134770	
336	192334	534420	136601	136645	
337	194139	530217	137655	137989	
338	195477	532773	132708	139042	
339	196495	537103	132255	134147	
340	191707	542882	131802	133609	
341	191169	542254	133452	133125	
342	190699	539271	135264	134766	
343	192292	534488	136585	136635	
344	194170	530308	137581	137941	
345	195503	532739	132824	138934	
346	196406	537064	132281	134249	
347	191785	542785	131802	133628	
348	191172	542257	133401	133170	
349	190748	539283	135255	134714	
350	192245	534542	136606	136607	
351	194101	530387	137523	137989	
352	195439	532736	132873	138952	
353	196406	537009	132281	134304	
354	191904	542661	131865	133570	
355	191118	542291	133368	133223	
356	190848	539279	135222	134651	
357	192225	534666	136554	136555	
358	194120	530477	137517	137886	
359	195388	532698	132998	138916	
360	196375	536983	132210	134432	
361	191978	542516	131941	133565	
362	191123	542250	133328	133299	
363	190902	539267	135219	134612	
364	192200	534779	136495	136526	
365	193990	530610	137474	137926	
366	195383	532655	133062	138900	
367	196462	536893	132236	134409	
368	192004	542449	132007	133540	
369	191072	542250	133305	133373	
370	190943	539302	135107	134648	
371	192170	534897	136474	136459	
372	194080	530596	137563	137761	
373	195307	532668	133106	138919	
374	196433	536915	132159	134493	
375	192108	542375	132069	133448	
376	191015	542317	133262	133406	
377	190941	539245	135178	134636	
378	192148	534888	136406	136558	
379	194035	530616	137529	137820	
380	195335	532548	133204	138913	
381	196442	536883	132106	134569	
382	192106	542396	132049	133449	
383	190963	542377	133257	133403	
384	190972	539326	135136	134566	
385	192082	534985	136441	136492	
386	193989	530632	137562	137817	
387	195367	532505	133238	138890	
388	196396	536917	132085	134602	
389	192090	542334	132100	133476	
390	191053	542338	133209	133400	
391	190995	539385	135111	134509	
392	192103	534987	136497	136413	
393	193965	530682	137517	137836	
394	195329	532530	133213	138928	
395	196498	536820	132158	134524	
396	192079	542317	132099	133505	
397	190952	542314	133212	133522	
398	191044	539329	135061	134566	
399	192131	535045	136448	136376	
400	193891	530703	137596	137810	
401	195343	532492	133209	138956	
402	196502	536871	132076	134551	
403	192072	542326	132164	133438	
404	191017	542263	133254	133466	
405	191015	539400	134998	134587	
406	192070	535102	136455	136373	
407	193893	530658	137619	137830	
408	195353	532480	133191	138976	
409	196399	536806	132135	134660	
410	192220	542152	132157	133471	
411	190991	542313	133175	133521	
412	191026	539408	135013	134553	
413	192067	535096	136461	136376	
414	193856	530774	137503	137867	
415	195383	532423	133336	138858	
416	196371	536812	132108	134709	
417	192253	542170	132149	133428	
418	190955	542373	133181	133491	
419	191023	539459	134985	134533	
420	192007	535084	136497	136412	
421	193918	530707	137507	137868	
422	195388	532377	133384	138851	
423	196361	536827	132071	134741	
424	192241	542190	132122	133447	
425	191007	542400	133130	133463	
426	191035	539451	135054	134460	
427	192083	535079	136521	136317	
428	193804	530777	137485	137934	
429	195446	532356	133340	138858	
430	196424	536800	132105	134671	
431	192210	542195	132149	133446	
432	190971	542344	133183	133502	
433	191045	539513	134919	134523	
434	192054	535130	136549	136267	
435	193743	530744	137544	137969	
436	195462	532243	133332	138963	
437	196478	536720	132088	134714	
438	192302	542134	132166	133398	
439	190950	542391	133158	133501	
440	191075	539612	134831	134482	
441	192000	535227	136565	136208	
442	193780	530776	137580	137864	
443	195345	532269	133415	138971	
444	196474	536684	132052	134790	
445	192322	542098	132180	133400	
446	190982	542403	133129	133486	
447	191040	539582	134908	134470	
448	191993	535274	136467	136266	
449	193791	530789	137594	137826	
450	195331	532269	133434	138966	
451	196497	536630	132087	134786	
452	192345	542086	132159	133410	
453	190899	542454	133109	133538	
454	191045	539564	134914	134477	
455	192033	535294	136448	136225	
456	193779	530825	137615	137781	
457	195262	532253	133477	139008	
458	196481	536607	132024	134888	
459	192417	542023	132178	133382	
460	190954	542433	133146	133467	
461	191013	539610	134905	134472	
462	191988	535366	136378	136268	
463	193722	530875	137594	137809	
464	195373	532151	133556	138920	
465	196388	536570	132082	134960	
466	192467	541956	132134	133443	
467	191048	542428	133103	133421	
468	190938	539749	134832	134481	
469	191973	535313	136501	136213	
470	193686	530877	137520	137917	
471	195386	532109	133575	138930	
472	196453	536478	132153	134916	
473	192450	541979	132065	133506	
474	191078	542477	133084	133361	
475	190955	539891	134807	134347	
476	191798	535463	136522	136217	
477	193717	530831	137566	137886	
478	195389	532091	133582	138938	
479	196448	536409	132221	134922	
480	192405	541898	132094	133603	
481	191161	542505	132934	133400	
482	190947	539953	134842	134258	
483	191884	535473	136539	136104	
484	193646	530885	137583	137886	
485	195343	532119	133541	138997	
486	196501	536288	132290	134921	
487	192428	541851	132059	133662	
488	191221	542402	132995	133382	
489	190936	539958	134775	134331	
490	191843	535577	136459	136121	
491	193661	530927	137622	137790	
492	195279	532161	133546	139014	
493	196526	536198	132331	134945	
494	192494	541762	132078	133666	
495	191179	542425	132972	133424	
496	191000	539940	134780	134280	
497	191832	535709	136368	136091	
498	193583	531033	137642	137742	
499	195216	532118	133635	139031	
500	196577	536165	132295	134963	
501	192517	541718	132137	133628	
502	191180	542396	132966	133458	
503	190999	539978	134720	134303	
504	191807	535774	136342	136077	
505	193616	531008	137690	137686	
506	195212	532107	133644	139037	
507	196512	536145	132302	135041	
508	192581	541644	132138	133637	
509	191162	542432	132924	133482	
510	191003	539982	134743	134272	
511	191867	535766	136340	136027	
512	193555	531120	137637	137688	
513	195193	532087	133712	139008	
514	196467	536101	132293	135139	
515	192708	541558	132124	133610	
516	191152	542413	132991	133444	
517	190952	540015	134679	134354	
518	191854	535793	136307	136046	
519	193500	531218	137581	137701	
520	195188	531990	133846	138976	
521	196525	536028	132281	135166	
522	192702	541605	132085	133608	
523	191135	542436	133006	133423	
524	190960	540085	134618	134337	
525	191868	535867	136319	135946	
526	193498	531204	137662	137636	
527	195133	531998	133837	139032	
528	196542	536003	132267	135188	
529	192628	541580	132101	133691	
530	191298	542342	132999	133361	
531	190926	540139	134631	134304	
532	191836	535927	136272	135965	
533	193495	531219	137678	137608	
534	195078	532091	133761	139070	
535	196570	535875	132428	135127	
536	192643	541512	132060	133785	
537	191268	542317	132970	133445	
538	191032	540092	134633	134243	
539	191768	536038	136212	135982	
540	193428	531249	137697	137626	
541	195188	532026	133775	139011	
542	196474	535944	132408	135174	
543	192754	541385	132158	133703	
544	191235	542363	132908	133494	
545	191019	540180	134552	134249	
546	191790	535995	136326	135889	
547	193292	531330	137599	137779	
548	195238	531858	133886	139018	
549	196508	535857	132369	135266	
550	192845	541349	132141	133665	
551	191195	542403	132934	133468	
552	190965	540321	134414	134300	
553	191835	536065	136368	135732	
554	193210	531394	137633	137763	
555	195247	531753	133988	139012	
556	196477	535813	132332	135378	
557	192904	541300	132112	133684	
558	191193	542387	132962	133458	
559	191078	540386	134347	134189	
560	191717	536207	136392	135684	
561	193137	531463	137599	137801	
562	195343	531697	134049	138911	
563	196402	535829	132346	135423	
564	192889	541157	132213	133741	
565	191250	542345	132855	133550	
566	191070	540447	134283	134200	
567	191705	536175	136478	135642	
568	193171	531479	137541	137809	
569	195280	531745	134043	138932	
570	196424	535771	132385	135420	
571	192947	541127	132206	133720	
572	191203	542381	132845	133571	
573	191078	540419	134309	134194	
574	191702	536233	136411	135654	
575	193219	531511	137562	137708	
576	195158	531761	134099	138982	
577	196432	535705	132347	135516	
578	193016	541053	132225	133706	
579	191170	542368	132840	133622	
580	191173	540318	134349	134160	
581	191683	536342	136291	135684	
582	193140	531600	137573	137687	
583	195202	531729	134155	138914	
584	196348	535768	132299	135585	
585	193036	540942	132315	133707	
586	191161	542293	132831	133715	
587	191190	540314	134284	134212	
588	191708	536308	136338	135646	
589	193152	531659	137489	137700	
590	195177	531774	134182	138867	
591	196385	535786	132305	135524	
592	193086	540969	132332	133613	
593	191138	542362	132840	133660	
594	191211	540351	134297	134141	
595	191685	536397	136317	135601	
596	193100	531720	137515	137665	
597	195112	531731	134233	138924	
598	196383	535705	132286	135626	
599	193190	540846	132363	133601	
600	191102	542352	132838	133708	
601	191251	540354	134244	134151	
602	191632	536499	136260	135609	
603	193155	531773	137504	137568	
604	195075	531726	134344	138855	
605	196363	535698	132246	135693	
606	193144	540817	132405	133634	
607	191210	542333	132778	133679	
608	191177	540402	134297	134124	
609	191615	536506	136218	135661	
610	193186	531750	137524	137540	
611	194933	531786	134294	138987	
612	196452	535486	132366	135696	
613	193192	540747	132322	133739	
614	191229	542327	132768	133676	
615	191171	540390	134330	134109	
616	191656	536636	136066	135642	
617	193068	531855	137583	137494	
618	194996	531715	134348	138941	
619	196365	535464	132393	135778	
620	193300	540661	132312	133727	
621	191245	542316	132802	133637	
622	191166	540506	134208	134120	
623	191616	536680	136142	135562	
624	193063	531940	137509	137488	
625	194952	531699	134457	138892	
626	196387	535389	132398	135826	
627	193328	540622	132316	133734	
628	191243	542342	132769	133646	
629	191125	540524	134216	134135	
630	191645	536716	136088	135551	
631	193043	531962	137549	137446	
632	194927	531666	134489	138918	
633	196401	535347	132398	135854	
634	193304	540612	132280	133804	
635	191294	542261	132795	133650	
636	191151	540526	134193	134130	
637	191564	536752	136079	135605	
638	193091	531927	137545	137437	
639	194960	531718	134444	138878	
640	196359	535378	132458	135805	
641	193321	540579	132305	133795	
642	191249	542352	132720	133679	
643	191205	540528	134235	134032	
644	191513	536778	136118	135591	
645	193174	531941	137506	137379	
646	194889	531780	134493	138838	
647	196332	535415	132411	135842	
648	193288	540547	132368	133797	
649	191284	542328	132669	133719	
650	191237	540427	134332	134004	
651	191608	536771	136046	135575	
652	193108	532043	137500	137349	
653	194803	531871	134450	138876	
654	196315	535404	132431	135850	
655	193349	540483	132390	133778	
656	191320	542210	132772	133698	
657	191191	540402	134278	134129	
658	191637	536786	135964	135613	
659	193126	532105	137469	137300	
660	194798	531881	134499	138822	
661	196235	535371	132470	135924	
662	193468	540416	132348	133768	
663	191224	542252	132788	133736	
664	191285	540355	134275	134085	
665	191577	536837	135960	135626	
666	193124	532181	137393	137302	
667	194747	531841	134624	138788	
668	196258	535356	132378	136008	
669	193488	540323	132442	133747	
670	191278	542234	132737	133751	
671	191267	540369	134284	134080	
672	191582	536905	135893	135620	
673	193125	532232	137409	137234	
674	194685	531866	134648	138801	
675	196293	535297	132419	135991	
676	193507	540328	132429	133736	
677	191246	542255	132736	133763	
678	191305	540387	134282	134026	
679	191470	537009	135850	135671	
680	193253	532174	137460	137113	
681	194525	531921	134663	138891	
682	196357	535192	132414	136037	
683	193551	540229	132472	133748	
684	191294	542318	132625	133763	
685	191282	540364	134410	133944	
686	191444	537130	135685	135741	
687	193251	532231	137509	137009	
688	194535	531926	134714	138825	
689	196275	535167	132456	136102	
690	193612	540131	132451	133806	
691	191289	542296	132610	133805	
692	191286	540352	134409	133953	
693	191400	537114	135697	135789	
694	193241	532265	137415	137079	
695	194539	531898	134775	138788	
696	196232	535141	132465	136162	
697	193606	540066	132459	133869	
698	191322	542270	132566	133842	
699	191324	540347	134408	133921	
700	191439	537126	135708	135727	
701	193192	532344	137384	137080	
702	194619	531933	134770	138678	
703	196139	535237	132485	136139	
704	193607	540042	132487	133864	
705	191398	542218	132602	133782	
706	191274	540427	134359	133940	
707	191447	537082	135789	135682	
708	193157	532399	137292	137152	
709	194669	531943	134778	138610	
710	196115	535221	132568	136096	
711	193596	540053	132444	133907	
712	191417	542213	132609	133761	
713	191248	540478	134322	133952	
714	191503	537044	135846	135607	
715	193069	532433	137276	137222	
716	194690	531893	134769	138648	
717	196117	535160	132587	136136	
718	193612	540029	132412	133947	
719	191430	542147	132665	133758	
720	191221	540526	134229	134024	
721	191501	537060	135854	135585	
722	193079	532450	137281	137190	
723	194712	531907	134783	138598	
724	196014	535179	132608	136199	
725	193646	539971	132388	133995	
726	191453	542114	132671	133762	
727	191238	540494	134240	134028	
728	191528	537014	135880	135578	
729	193002	532529	137180	137289	
730	194741	531880	134814	138565	
731	195990	535160	132620	136230	
732	193657	539910	132400	134033	
733	191508	542036	132695	133761	
734	191286	540548	134165	134001	
735	191469	537107	135900	135524	
736	192985	532602	137150	137263	
737	194708	531937	134821	138534	
738	196007	535136	132677	136180	
739	193668	539841	132459	134032	
740	191491	542021	132645	133843	
741	191357	540520	134156	133967	
742	191505	537166	135876	135453	
743	192987	532679	137164	137170	
744	194604	532001	134825	138570	
745	196001	535115	132655	136229	
746	193650	539758	132522	134070	
747	191496	541901	132677	133926	
748	191401	540415	134147	134037	
749	191542	537221	135769	135468	
750	192914	532768	137165	137153	
751	194629	532028	134820	138523	
752	195984	535163	132661	136192	
753	193657	539736	132575	134032	
754	191534	541854	132712	133900	
755	191446	540478	134080	133996	
756	191530	537296	135796	135378	
757	192837	532852	137148	137163	
758	194600	532035	134830	138535	
759	195993	535108	132704	136195	
760	193615	539658	132614	134113	
761	191560	541739	132704	133997	
762	191576	540453	134013	133958	
763	191480	537420	135777	135323	
764	192853	532899	137164	137084	
765	194568	532129	134785	138518	
766	195908	535143	132727	136222	
767	193626	539481	132744	134149	
768	191610	541638	132643	134109	
769	191615	540409	134015	133961	
770	191341	537457	135741	135461	
771	192909	532897	137082	137112	
772	194563	532175	134800	138462	
773	195942	535118	132786	136154	
774	193667	539436	132789	134108	
775	191524	541755	132522	134199	
776	191666	540369	134078	133887	
777	191385	537473	135729	135413	
778	192830	532922	137107	137141	
779	194601	532084	134841	138474	
780	195910	535167	132692	136231	
781	193690	539419	132833	134058	
782	191541	541729	132556	134174	
783	191641	540442	134003	133914	
784	191402	537490	135775	135333	
785	192808	532982	137085	137125	
786	194618	532092	134866	138424	
787	195866	535167	132716	136251	
788	193715	539381	132823	134081	
789	191539	541693	132577	134191	
790	191653	540438	133976	133933	
791	191405	537475	135791	135329	
792	192781	533020	137037	137162	
793	194627	532098	134889	138386	
794	195833	535185	132721	136261	
795	193721	539369	132828	134082	
796	191611	541684	132582	134123	
797	191637	540502	133967	133894	
798	191391	537511	135808	135290	
799	192740	533069	137012	137179	
800	194634	532089	134897	138380	
801	195860	535116	132785	136239	
802	193647	539333	132817	134203	
803	191638	541587	132570	134205	
804	191673	540480	133917	133930	
805	191400	537510	135812	135278	
806	192712	533053	137034	137201	
807	194662	532106	134824	138408	
808	195835	535131	132810	136224	
809	193699	539279	132842	134180	
810	191644	541574	132577	134205	
811	191608	540516	133877	133999	
812	191394	537472	135835	135299	
813	192775	533053	136990	137182	
814	194581	532138	134872	138409	
815	195829	535068	132819	136284	
816	193752	539280	132791	134177	
817	191658	541641	132571	134130	
818	191650	540519	133957	133874	
819	191285	537600	135749	135366	
820	192836	533062	137003	137099	
821	194557	532142	134932	138369	
822	195814	535035	132835	136316	
823	193789	539191	132830	134190	
824	191655	541698	132465	134182	
825	191646	540520	134012	133822	
826	191303	537611	135728	135358	
827	192754	533111	136986	137149	
828	194599	532073	134972	138356	
829	195797	535014	132834	136355	
830	193833	539174	132819	134174	
831	191683	541705	132486	134126	
832	191561	540632	133934	133873	
833	191446	537594	135775	135185	
834	192605	533240	136979	137176	
835	194588	532013	135017	138382	
836	195828	534916	132861	136395	
837	193877	539178	132737	134208	
838	191678	541611	132625	134086	
839	191564	540676	133790	133970	
840	191406	537653	135764	135177	
841	192649	533239	136999	137113	
842	194533	532013	135058	138396	
843	195851	534870	132855	136424	
844	193900	539157	132741	134202	
845	191713	541656	132585	134046	
846	191553	540719	133832	133896	
847	191390	537740	135712	135158	
848	192650	533278	137028	137044	
849	194524	532021	135084	138371	
850	195754	534833	132895	136518	
851	193995	539039	132733	134233	
852	191684	541649	132566	134101	
853	191576	540687	133827	133910	
854	191362	537738	135707	135193	
855	192649	533345	136939	137067	
856	194524	532000	135176	138300	
857	195743	534841	132865	136551	
858	194051	539006	132758	134185	
859	191691	541688	132546	134075	
860	191527	540726	133831	133916	
861	191375	537723	135706	135196	
862	192659	533352	136923	137066	
863	194554	531966	135228	138252	
864	195754	534828	132869	136549	
865	194000	539056	132703	134241	
866	191692	541679	132552	134077	
867	191558	540706	133842	133894	
868	191408	537717	135731	135144	
869	192660	533378	136931	137031	
870	194529	532045	135175	138251	
871	195651	534886	132869	136594	
872	194114	538966	132742	134178	
873	191674	541665	132592	134069	
874	191496	540681	133842	133981	
875	191469	537650	135710	135171	
876	192673	533481	136822	137024	
877	194419	532042	135291	138248	
878	195692	534784	132858	136666	
879	194172	538978	132679	134171	
880	191646	541678	132653	134023	
881	191508	540656	133852	133984	
882	191409	537753	135600	135238	
883	192715	533471	136873	136941	
884	194394	532020	135353	138233	
885	195658	534766	132830	136746	
886	194264	538898	132697	134141	
887	191570	541758	132591	134081	
888	191569	540611	133902	133918	
889	191336	537789	135576	135299	
890	192724	533482	136829	136965	
891	194416	531943	135451	138190	
892	195651	534790	132755	136804	
893	194219	538874	132754	134153	
894	191604	541751	132522	134123	
895	191591	540628	133912	133869	
896	191381	537804	135602	135213	
897	192678	533528	136838	136956	
898	194426	531987	135399	138188	
899	195616	534804	132789	136791	
900	194205	538823	132778	134194	
901	191669	541653	132562	134116	
902	191575	540651	133858	133916	
903	191383	537806	135606	135205	
904	192665	533576	136797	136962	
905	194467	532033	135392	138108	
906	195521	534826	132856	136797	
907	194287	538767	132761	134185	
908	191632	541669	132567	134132	
909	191629	540631	133849	133891	
910	191429	537795	135649	135127	
911	192655	533704	136702	136939	
912	194413	532077	135469	138041	
913	195532	534863	132811	136794	
914	194294	538761	132813	134132	
915	191602	541631	132611	134156	
916	191628	540575	133842	133955	
917	191421	537784	135597	135198	
918	192671	533678	136711	136940	
919	194367	532053	135481	138099	
920	195500	534821	132786	136893	
921	194334	538703	132806	134157	
922	191591	541620	132605	134184	
923	191668	540543	133856	133933	
924	191402	537843	135554	135201	
925	192637	533741	136688	136934	
926	194393	532043	135522	138042	
927	195484	534841	132779	136896	
928	194342	538654	132854	134150	
929	191652	541594	132586	134168	
930	191617	540603	133824	133956	
931	191450	537828	135577	135145	
932	192579	533787	136667	136967	
933	194409	532026	135526	138039	
934	195487	534789	132833	136891	
935	194364	538657	132802	134177	
936	191604	541576	132626	134194	
937	191699	540599	133765	133937	
938	191391	537890	135596	135123	
939	192624	533797	136670	136909	
940	194343	532065	135545	138047	
941	195459	534809	132788	136944	
942	194361	538567	132887	134185	
943	191721	541532	132577	134170	
944	191607	540620	133813	133960	
945	191453	537879	135532	135136	
946	192634	533874	136645	136847	
947	194283	532155	135542	138020	
948	195427	534723	132901	136949	
949	194348	538536	132791	134325	
950	191816	541425	132640	134119	
951	191588	540601	133823	133988	
952	191451	537904	135469	135176	
953	192652	533943	136604	136801	
954	194237	532249	135529	137985	
955	195369	534672	132999	136960	
956	194445	538447	132772	134336	
957	191815	541438	132643	134104	
958	191550	540600	133835	134015	
959	191483	537920	135422	135175	
960	192640	534048	136547	136765	
961	194172	532243	135634	137951	
962	195349	534605	132997	137049	
963	194485	538397	132742	134376	
964	191883	541393	132675	134049	
965	191501	540635	133829	134035	
966	191516	537962	135359	135163	
967	192598	534130	136534	136738	
968	194128	532244	135671	137957	
969	195393	534491	133071	137045	
970	194550	538382	132686	134382	
971	191809	541416	132702	134073	
972	191569	540628	133785	134018	
973	191542	538066	135318	135074	
974	192488	534219	136577	136716	
975	194129	532156	135736	137979	
976	195451	534472	132997	137080	
977	194501	538353	132756	134390	
978	191915	541314	132730	134041	
979	191564	540740	133673	134023	
980	191500	538177	135313	135010	
981	192477	534223	136637	136663	
982	194175	532194	135691	137940	
983	195371	534454	133099	137076	
984	194518	538264	132750	134468	
985	191943	541282	132683	134092	
986	191538	540750	133662	134050	
987	191471	538112	135359	135058	
988	192492	534210	136560	136738	
989	194140	532189	135701	137970	
990	195388	534387	133130	137095	
991	194542	538244	132721	134493	
992	191956	541312	132658	134074	
993	191582	540774	133680	133964	
994	191458	538214	135328	135000	
995	192533	534277	136578	136612	
996	193999	532269	135726	138006	
997	195412	534314	133142	137132	
998	194631	538144	132768	134457	
999	191937	541320	132641	134102	
1000	191593	540727	133718	133962	
1001	191448	538317	135187	135048	
1002	192453	534353	136598	136596	
1003	194063	532175	135817	137945	
1004	195367	534296	133125	137212	
1005	194658	538071	132777	134494	
1006	191912	541281	132634	134173	
1007	191640	540742	133639	133979	
1008	191468	538323	135246	134963	
1009	192392	534423	136552	136633	
1010	194060	532161	135844	137935	
1011	195446	534311	133100	137143	
1012	194558	538120	132827	134495	
1013	191935	541216	132652	134197	
1014	191662	540757	133582	133999	
1015	191472	538358	135250	134920	
1016	192431	534379	136636	136554	
1017	194034	532249	135748	137969	
1018	195413	534352	133123	137112	
1019	194618	538101	132851	134430	
1020	191886	541246	132657	134211	
1021	191682	540696	133618	134004	
1022	191475	538339	135226	134960	
1023	192352	534398	136600	136650	
1024	194140	532130	135802	137928	
1025	195316	534393	133068	137223	
1026	194677	538030	132869	134424	
1027	191910	541234	132659	134197	
1028	191698	540796	133534	133972	
1029	191435	538352	135331	134882	
1030	192358	534469	136506	136667	
1031	194161	532154	135863	137822	
1032	195322	534404	133096	137178	
1033	194651	538026	132887	134436	
1034	191883	541243	132623	134251	
1035	191647	540767	133548	134038	
1036	191555	538254	135346	134845	
1037	192356	534492	136509	136643	
1038	194122	532194	135840	137844	
1039	195215	534433	133072	137280	
1040	194742	538007	132833	134418	
1041	191780	541188	132747	134285	
1042	191721	540614	133542	134123	
1043	191543	538214	135311	134932	
1044	192419	534531	136407	136643	
1045	194103	532210	135928	137759	
1046	195211	534524	132968	137297	
1047	194735	538011	132911	134343	
1048	191843	541209	132724	134224	
1049	191706	540633	133607	134054	