%Iteration	Healthy	Infected_1	Infected_2	Dead	
%pHIV=	[5, 1000]	; pINF=	[1, 100000]	

0	995314	4686	0	0	
1	920747	79253	0	0	
2	658705	341295	0	0	
3	329562	670438	0	0	
4	129509	870491	0	0	
5	70147	929853	0	0	
6	60448	939552	0	0	
7	59037	861710	79253	0	
8	58844	599861	262042	79253	
9	137305	270752	329143	262800	
10	397411	70723	200053	331813	
11	725803	11519	59362	203316	
12	926579	2341	9699	61381	
13	986188	2138	1411	10263	
14	994133	4164	193	1510	
15	992151	7604	34	211	
16	987439	12500	24	37	
17	981019	18799	158	24	
18	972793	26528	521	158	
19	963004	35264	1208	524	
20	951967	44599	2219	1215	
21	940007	54288	3474	2231	
22	927172	64413	4920	3495	
23	913613	74980	6457	4950	
24	899712	85531	8250	6507	
25	886149	95594	9944	8313	
26	872873	105536	11554	10037	
27	859386	115783	13163	11668	
28	845570	126090	15045	13295	
29	831502	136288	17024	15186	
30	817831	146183	18801	17185	
31	804899	156096	20007	18998	
32	793343	164983	21496	20178	
33	782481	172409	23410	21700	
34	772732	178278	25352	23638	
35	764458	182743	27222	25577	
36	757627	186197	28696	27480	
37	752218	188887	29920	28975	
38	748414	191007	30383	30196	
39	745384	193084	30836	30696	
40	742262	195372	31221	31145	
41	740125	196656	31687	31532	
42	738901	196968	32150	31981	
43	737554	197381	32610	32455	
44	736005	198574	32503	32918	
45	734226	200047	32913	32814	
46	732947	200312	33509	33232	
47	731575	201645	32971	33809	
48	731167	203075	32462	33296	
49	729948	204247	33023	32782	
50	727390	205571	33696	33343	
51	724312	207295	34386	34007	
52	720796	210730	33774	34700	
53	716619	214957	34304	34120	
54	710551	220918	33892	34639	
55	704692	226915	34195	34198	
56	697303	233116	35020	34561	
57	691074	237459	36110	35357	
58	684716	241615	37209	36460	
59	678085	245794	38531	37590	
60	671286	249932	39853	38929	
61	664401	255175	40192	40232	
62	657052	261114	41221	40613	
63	648500	269406	40453	41641	
64	641759	276013	41365	40863	
65	632542	282961	42710	41787	
66	625526	287359	43991	43124	
67	618250	291909	45435	44406	
68	610604	296372	47160	45864	
69	602552	301070	48745	47633	
70	594391	308428	47972	49209	
71	585480	316389	49658	48473	
72	573802	327676	48389	50133	
73	562427	338686	49985	48902	
74	547483	350392	51623	50502	
75	534041	360375	53443	52141	
76	520005	370691	55330	53974	
77	505738	380798	57619	55845	
78	491431	390702	59676	58191	
79	476942	401838	60995	60225	
80	461437	413616	63329	61618	
81	448753	423865	63426	63956	
82	436715	433590	65646	64049	
83	422022	443961	67726	66291	
84	408973	453010	69580	68437	
85	395845	461741	72131	70283	
86	382475	469619	75107	72799	
87	369093	481435	73675	75797	
88	356312	493911	75371	74406	
89	339328	506483	78097	76092	
90	325598	516931	78629	78842	
91	317463	522250	80862	79425	
92	307597	527764	82985	81654	
93	299776	530958	85491	83775	
94	291732	534033	87847	86388	
95	284040	536583	90669	88708	
96	275944	543407	89077	91572	
97	268383	555450	86181	89986	
98	256344	568092	88499	87065	
99	242905	579064	88685	89346	
100	235699	583784	90922	89595	
101	226625	588296	93219	91860	
102	219795	590173	95901	94131	
103	213133	591872	98224	96771	
104	206869	592820	101141	99170	
105	200516	597667	99657	102160	
106	195182	608472	95642	100704	
107	190875	614758	97731	96636	
108	183817	619669	97778	98736	
109	182859	618423	99923	98795	
110	179750	617183	102089	100978	
111	178769	613675	104504	103052	
112	177406	610620	106447	105527	
113	176339	612156	104017	107488	
114	174627	617624	102689	105060	
115	168075	629484	98677	103764	
116	165762	633740	100849	99649	
117	160607	636477	100996	101920	
118	162068	632448	103392	102092	
119	161723	628359	105553	104365	
120	163368	621827	108157	106648	
121	165303	614957	110537	109203	
122	167557	615737	105105	111601	
123	169711	620342	103733	106214	
124	164251	631605	99363	104781	
125	162693	635397	101464	100446	
126	158413	637525	101625	102437	
127	160317	633363	103667	102653	
128	160565	628903	105885	104647	
129	162519	622240	108338	106903	
130	164718	615249	110626	109407	
131	167128	615827	105256	111789	
132	169520	620314	103753	106413	
133	164251	631452	99505	104792	
134	162624	635393	101425	100558	
135	158474	637457	101675	102394	
136	160279	633418	103635	102668	
137	160522	628992	105834	104652	
138	162493	622401	108240	106866	
139	164639	615383	110643	109335	
140	167132	615781	105366	111721	
141	169439	620300	103739	106522	
142	164433	631262	99596	104709	
143	162581	635402	101408	100609	
144	158505	637443	101649	102403	
145	160328	633430	103625	102617	
146	160454	629097	105764	104685	
147	162485	622395	108258	106862	
148	164660	615415	110558	109367	
149	167192	615615	105548	111645	
150	169482	620209	103690	106619	
151	164466	631168	99612	104754	
152	162647	635283	101431	100639	
153	158454	637469	101556	102521	
154	160412	633443	103578	102567	
155	160467	629207	105748	104578	
156	162437	622493	108284	106786	
157	164568	615471	110571	109390	
158	167143	615603	105546	111708	
159	169507	620123	103742	106628	
160	164382	631194	99552	104872	
161	162703	635179	101512	100606	
162	158475	637433	101570	102522	
163	160372	633485	103549	102594	
164	160440	629299	105678	104583	
165	162357	622611	108262	106770	
166	164562	615481	110623	109334	
167	167155	615679	105497	111669	
168	169469	620129	103824	106578	
169	164404	631121	99601	104874	
170	162655	635158	101492	100695	
171	158559	637376	101574	102491	
172	160331	633582	103493	102594	
173	160429	629359	105695	104517	
174	162272	622653	108274	106801	
175	164642	615463	110593	109302	
176	167027	615711	105529	111733	
177	169433	620089	103792	106686	
178	164439	630953	99699	104909	
179	162738	635051	101472	100739	
180	158606	637341	101568	102485	
181	160391	633672	103403	102534	
182	160397	629408	105777	104418	
183	162284	622763	108170	106783	
184	164616	615622	110563	109199	
185	166906	615810	105570	111714	
186	169382	619997	103858	106763	
187	164534	630780	99734	104952	
188	162744	634932	101513	100811	
189	158722	637273	101525	102480	
190	160362	633701	103422	102515	
191	160347	629435	105758	104460	
192	162280	622865	108045	106810	
193	164597	615753	110517	109133	
194	166957	615819	105665	111559	
195	169286	620052	103866	106796	
196	164606	630629	99850	104915	
197	162770	634875	101492	100863	
198	158704	637315	101475	102506	
199	160417	633754	103405	102424	
200	160278	629567	105731	104424	
201	162272	622882	108099	106747	
202	164569	615859	110427	109145	
203	166946	615817	105738	111499	
204	169192	619981	103915	106912	
205	164707	630463	99844	104986	
206	162806	634758	101544	100892	
207	158719	637287	101414	102580	
208	160409	633754	103404	102433	
209	160232	629628	105696	104444	
210	162228	622937	108079	106756	
211	164594	615991	110326	109089	
212	166866	615900	105839	111395	
213	169137	619983	103943	106937	
214	164710	630402	99871	105017	
215	162839	634687	101570	100904	
216	158798	637277	101388	102537	
217	160369	633837	103380	102414	
218	160259	629604	105748	104389	
219	162208	622977	108026	106789	
220	164558	616040	110290	109112	
221	166853	615892	105855	111400	
222	169155	619924	103978	106943	
223	164733	630288	99940	105039	
224	162760	634657	101515	101068	
225	158916	637153	101399	102532	
226	160386	633860	103353	102401	
227	160230	629689	105707	104374	
228	162184	623050	108010	106756	
229	164562	616076	110304	109058	
230	166803	615905	105884	111408	
231	169174	619961	103895	106970	
232	164792	630220	100060	104928	
233	162762	634624	101536	101078	
234	158889	637157	101371	102583	
235	160371	633850	103330	102449	
236	160284	629658	105713	104345	
237	162172	623141	107951	106736	
238	164514	616162	110319	109005	
239	166768	615891	105940	111401	
240	169110	619905	103904	107081	
241	164901	630144	100023	104932	
242	162775	634675	101521	101029	
243	158890	637168	101434	102508	
244	160309	633878	103340	102473	
245	160281	629683	105669	104367	
246	162158	623196	107918	106728	
247	164491	616248	110262	108999	
248	166745	615831	106052	111372	
249	169133	619797	103927	107143	
250	164918	630035	100050	104997	
251	162805	634627	101474	101094	
252	158927	637153	101431	102489	
253	160336	633918	103314	102432	
254	160237	629767	105635	104361	
255	162184	623256	107893	106667	
256	164484	616307	110288	108921	
257	166725	615869	106066	111340	
258	169023	619775	103957	107245	
259	164986	629864	100079	105071	
260	162889	634504	101484	101123	
261	159019	637167	101382	102432	
262	160241	633995	103339	102425	
263	160309	629747	105628	104316	
264	162134	623341	107863	106662	
265	164444	616461	110168	108927	
266	166636	615938	106124	111302	
267	169075	619679	104045	107201	
268	165018	629737	100167	105078	
269	162894	634525	101380	101201	
270	159017	637117	101457	102409	
271	160250	634003	103288	102459	
272	160245	629802	105601	104352	
273	162169	623415	107786	106630	
274	164439	616501	110225	108835	
275	166577	615916	106168	111339	
276	169087	619588	104049	107276	
277	165078	629653	100174	105095	
278	162901	634473	101400	101226	
279	159065	637129	101399	102407	
280	160250	634027	103311	102412	
281	160226	629847	105583	104344	
282	162153	623503	107721	106623	
283	164426	616565	110239	108770	
284	166560	615911	106220	111309	
285	169046	619559	104055	107340	
286	165166	629547	100209	105078	
287	162883	634466	101403	101248	
288	159144	637117	101377	102362	
289	160206	634113	103301	102380	
290	160237	629892	105566	104305	
291	162132	623575	107703	106590	
292	164327	616665	110197	108811	
293	166558	615815	106322	111305	
294	169039	619492	104028	107441	
295	165222	629387	100297	105094	
296	162788	634423	101345	101444	
297	159281	636970	101386	102363	
298	160252	634088	103287	102373	
299	160289	629992	105472	104247	
300	162081	623694	107705	106520	
301	164390	616716	110192	108702	
302	166436	615858	106381	111325	
303	169045	619496	103933	107526	
304	165239	629279	100405	105077	
305	162905	634285	101376	101434	
306	159235	636918	101407	102440	
307	160361	634082	103214	102343	
308	160244	630057	105523	104176	
309	161987	623875	107571	106567	
310	164403	616815	110188	108594	
311	166342	615984	106382	111292	
312	169029	619448	104040	107483	
313	165224	629247	100378	105151	
314	162990	634131	101498	101381	
315	159244	636887	101389	102480	
316	160310	634151	103128	102411	
317	160252	630060	105551	104137	
318	161957	623952	107504	106587	
319	164422	616872	110177	108529	
320	166294	616044	106382	111280	
321	169035	619339	104145	107481	
322	165284	629121	100392	105203	
323	162985	634094	101460	101461	
324	159277	636824	101396	102503	
325	160324	634146	103097	102433	
326	160292	630062	105554	104092	
327	161910	624064	107440	106586	
328	164355	616939	110174	108532	
329	166314	616001	106433	111252	
330	168981	619331	104126	107562	
331	165384	629047	100419	105150	
332	162951	634102	101470	101477	
333	159273	636763	101442	102522	
334	160335	634136	103049	102480	
335	160303	630122	105495	104080	
336	161890	624115	107456	106539	
337	164387	617018	110135	108460	
338	166207	616038	106525	111230	
339	168946	619293	104103	107658	
340	165454	628953	100422	105171	
341	162974	634061	101481	101484	
342	159345	636714	101449	102492	
343	160335	634156	103038	102471	
344	160330	630072	105545	104053	
345	161868	624191	107358	106583	
346	164309	617131	110082	108478	
347	166234	615985	106589	111192	
348	168959	619260	104102	107679	
349	165444	628884	100480	105192	
350	162981	634011	101461	101547	
351	159364	636647	101477	102512	
352	160280	634126	103022	102572	
353	160375	630108	105443	104074	
354	161872	624257	107377	106494	
355	164294	617156	110104	108446	
356	166186	616001	106588	111225	
357	169001	619201	104113	107685	
358	165498	628822	100501	105179	
359	163035	634024	101425	101516	
360	159330	636681	101526	102463	
361	160316	634141	103003	102540	
362	160388	630142	105433	104037	
363	161878	624358	107313	106451	
364	164260	617253	110122	108365	
365	166187	616020	106627	111166	
366	168927	619162	104183	107728	
367	165504	628771	100463	105262	
368	163051	634001	101434	101514	
369	159360	636669	101529	102442	
370	160332	634143	103017	102508	
371	160398	630204	105394	104004	
372	161757	624423	107325	106495	
373	164308	617251	110072	108369	
374	166131	616030	106664	111175	
375	168888	619095	104197	107820	
376	165638	628623	100491	105248	
377	163084	633925	101455	101536	
378	159386	636590	101544	102480	
379	160253	634213	102900	102634	
380	160410	630155	105443	103992	
381	161849	624437	107262	106452	
382	164234	617411	110019	108336	
383	166109	616035	106757	111099	
384	168877	619083	104209	107831	
385	165601	628583	100523	105293	
386	163131	633925	101385	101559	
387	159412	636658	101544	102386	
388	160183	634217	102993	102607	
389	160386	630166	105381	104067	
390	161940	624422	107257	106381	
391	164236	617472	110023	108269	
392	165990	616128	106727	111155	
393	168923	618991	104277	107809	
394	165552	628493	100552	105403	
395	163222	633857	101330	101591	
396	159430	636700	101513	102357	
397	160214	634207	103073	102506	
398	160309	630194	105383	104114	
399	161952	624512	107140	106396	
400	164188	617548	110054	108210	
401	165988	616193	106694	111125	
402	168854	618982	104356	107808	
403	165616	628407	100580	105397	
404	163247	633791	101370	101592	
405	159430	636723	101458	102389	
406	160182	634211	103090	102517	
407	160350	630184	105339	104127	
408	161987	624527	107145	106341	
409	164114	617634	110005	108247	
410	166034	616129	106754	111083	
411	168859	618893	104390	107858	
412	165620	628311	100578	105491	
413	163329	633748	101312	101611	
414	159409	636724	101488	102379	
415	160259	634154	103112	102475	
416	160264	630310	105249	104177	
417	162032	624560	107154	106254	
418	164030	617733	109996	108241	
419	165998	616159	106749	111094	
420	168834	618823	104464	107879	
421	165669	628262	100542	105527	
422	163345	633665	101405	101585	
423	159417	636741	101404	102438	
424	160328	634116	103169	102387	
425	160263	630406	105175	104156	
426	162001	624677	107128	106194	
427	163983	617834	109981	108202	
428	165977	616136	106808	111079	
429	168862	618752	104480	107906	
430	165701	628207	100544	105548	
431	163346	633592	101465	101597	
432	159446	636670	101399	102485	
433	160310	634109	103138	102443	
434	160242	630446	105110	104202	
435	161995	624729	107096	106180	
436	163870	617866	109999	108265	
437	166058	616019	106850	111073	
438	168764	618742	104477	108017	
439	165738	628068	100577	105617	
440	163406	633490	101447	101657	
441	159484	636645	101379	102492	
442	160389	634148	103136	102327	
443	160116	630675	105003	104206	
444	162019	624734	107200	106047	
445	163858	617986	109903	108253	
446	166042	616111	106869	110978	
447	168790	618761	104534	107915	
448	165723	628053	100639	105585	
449	163374	633388	101530	101708	
450	159646	636638	101259	102457	
451	160303	634258	103155	102284	
452	160116	630720	104994	104170	
453	161976	624797	107184	106043	
454	163819	617981	109931	108269	
455	166044	616073	106865	111018	
456	168785	618748	104509	107958	
457	165751	627889	100775	105585	
458	163457	633310	101456	101777	
459	159594	636639	101261	102506	
460	160360	634261	103115	102264	
461	160139	630807	104957	104097	
462	161955	624882	107184	105979	
463	163754	618057	109916	108273	
464	166085	616071	106877	110967	
465	168733	618680	104590	107997	
466	165790	627808	100737	105665	
467	163472	633230	101503	101795	
468	159637	636590	101259	102514	
469	160311	634278	103091	102320	
470	160181	630839	104891	104089	
471	161893	624970	107199	105938	
472	163734	618143	109865	108258	
473	166012	616083	106925	110980	
474	168738	618611	104619	108032	
475	165885	627692	100779	105644	
476	163449	633258	101452	101841	
477	159718	636513	101330	102439	
478	160293	634322	103038	102347	
479	160189	630878	104865	104068	
480	161868	625054	107147	105931	
481	163723	618198	109860	108219	
482	165994	616038	107018	110950	
483	168699	618588	104585	108128	
484	165945	627583	100847	105625	
485	163417	633255	101421	101907	
486	159740	636488	101323	102449	
487	160282	634366	103004	102348	
488	160198	630927	104858	104017	
489	161848	625135	107135	105882	
490	163702	618276	109842	108180	
491	165946	616027	107093	110934	
492	168701	618554	104556	108189	
493	165980	627509	100882	105629	
494	163410	633212	101419	101959	
495	159806	636418	101343	102433	
496	160249	634368	102983	102400	
497	160222	630926	104844	104008	
498	161793	625194	107083	105930	
499	163721	618297	109837	108145	
500	165893	616047	107122	110938	
501	168672	618542	104549	108237	
502	166051	627419	100933	105597	
503	163437	633206	101402	101955	
504	159787	636443	101351	102419	
505	160240	634441	102940	102379	
506	160251	630953	104872	103924	
507	161725	625309	107044	105922	
508	163689	618360	109810	108141	
509	165916	615995	107189	110900	
510	168630	618454	104588	108328	
511	166108	627287	100938	105667	
512	163493	633149	101384	101974	
513	159818	636385	101400	102397	
514	160200	634483	102861	102456	
515	160308	630987	104824	103881	
516	161744	625379	107047	105830	
517	163606	618499	109771	108124	
518	165830	616011	107246	110913	
519	168613	618357	104636	108394	
520	166192	627140	100959	105709	
521	163548	633127	101328	101997	
522	159789	636381	101439	102391	
523	160233	634415	102891	102461	
524	160273	631027	104758	103942	
525	161813	625458	106982	105747	
526	163579	618656	109742	108023	
527	165769	616059	107315	110857	
528	168654	618279	104693	108374	
529	166160	627137	100925	105778	
530	163602	633071	101370	101957	
531	159818	636401	101413	102368	
532	160159	634422	102940	102479	
533	160284	631001	104718	103997	
534	161820	625507	106913	105760	
535	163545	618683	109783	107989	
536	165764	616062	107304	110870	
537	168657	618223	104743	108377	
538	166189	627055	100961	105795	
539	163587	633092	101297	102024	
540	159887	636395	101419	102299	
541	160183	634462	102959	102396	
542	160249	631104	104683	103964	
543	161740	625596	106904	105760	
544	163543	618704	109793	107960	
545	165690	616053	107334	110923	
546	168666	618144	104722	108468	
547	166201	626913	101026	105860	
548	163601	632911	101325	102163	
549	160045	636259	101396	102300	
550	160132	634548	102901	102419	
551	160224	631142	104683	103951	
552	161709	625698	106813	105780	
553	163588	618754	109795	107863	
554	165661	616153	107323	110863	
555	168588	618204	104744	108464	
556	166247	626744	101190	105819	
557	163595	632859	101277	102269	
558	160176	636222	101369	102233	
559	160123	634685	102851	102341	
560	160183	631237	104722	103858	
561	161694	625777	106795	105734	
562	163551	618888	109730	107831	
563	165650	616196	107392	110762	
564	168535	618259	104732	108474	
565	166333	626598	101314	105755	
566	163526	632798	101274	102402	
567	160157	636130	101335	102378	
568	160179	634578	102841	102402	
569	160244	631186	104700	103870	
570	161628	625781	106795	105796	
571	163633	618911	109653	107803	
572	165601	616217	107474	110708	
573	168411	618296	104667	108626	
574	166398	626567	101289	105746	
575	163542	632803	101308	102347	
576	160169	636086	101390	102355	
577	160181	634626	102783	102410	
578	160206	631177	104780	103837	
579	161723	625788	106746	105743	
580	163540	619085	109560	107815	
581	165621	616220	107544	110615	
582	168383	618313	104673	108631	
583	166362	626524	101323	105791	
584	163612	632717	101331	102340	
585	160140	636118	101357	102385	
586	160263	634538	102857	102342	
587	160154	631253	104679	103914	
588	161742	625785	106766	105707	
589	163497	619135	109534	107834	
590	165638	616252	107524	110586	
591	168289	618272	104758	108681	
592	166430	626422	101277	105871	
593	163678	632599	101394	102329	
594	160181	636119	101298	102402	
595	160284	634560	102884	102272	
596	160128	631332	104641	103899	
597	161688	625838	106778	105696	
598	163479	619249	109427	107845	
599	165672	616300	107571	110457	
600	168148	618316	104818	108718	
601	166485	626287	101325	105903	
602	163748	632495	101413	102344	
603	160199	636085	101284	102432	
604	160246	634593	102838	102323	
605	160165	631355	104622	103858	
606	161710	625807	106834	105649	
607	163462	619364	109296	107878	
608	165632	616345	107621	110402	
609	168106	618252	104874	108768	
610	166489	626164	101346	106001	
611	163744	632421	101384	102451	
612	160204	636036	101286	102474	
613	160282	634531	102853	102334	
614	160180	631358	104602	103860	
615	161682	625910	106781	105627	
616	163384	619481	109258	107877	
617	165649	616362	107641	110348	
618	168062	618261	104901	108776	
619	166543	626111	101348	105998	
620	163821	632371	101429	102379	
621	160237	635995	101333	102435	
622	160292	634546	102829	102333	
623	160109	631469	104522	103900	
624	161691	625923	106800	105586	
625	163449	619544	109198	107809	
626	165582	616442	107689	110287	
627	168050	618208	104957	108785	
628	166530	626035	101380	106055	
629	163829	632267	101445	102459	
630	160274	635984	101254	102488	
631	160283	634584	102819	102314	
632	160107	631421	104587	103885	
633	161709	625951	106723	105617	
634	163391	619596	109207	107806	
635	165631	616450	107677	110242	
636	168049	618262	104971	108718	
637	166435	626038	101419	106108	
638	163909	632209	101424	102458	
639	160265	636017	101253	102465	
640	160271	634579	102852	102298	
641	160079	631477	104531	103913	
642	161699	625932	106783	105586	
643	163427	619585	109195	107793	
644	165625	616558	107595	110222	
645	167951	618269	105061	108719	
646	166467	625938	101414	106181	
647	163939	632122	101429	102510	
648	160373	635969	101238	102420	
649	160263	634646	102848	102243	
650	160095	631489	104568	103848	
651	161638	625955	106772	105635	
652	163409	619662	109083	107846	
653	165656	616597	107613	110134	
654	167832	618305	105085	108778	
655	166543	625761	101525	106171	
656	163983	632043	101411	102563	
657	160389	635930	101238	102443	
658	160276	634673	102790	102261	
659	160114	631548	104548	103790	
660	161619	626027	106793	105561	
661	163324	619822	108981	107873	
662	165628	616603	107693	110076	
663	167744	618252	105125	108879	
664	166661	625605	101533	106201	
665	164005	631981	101423	102591	
666	160440	635861	101272	102427	
667	160262	634685	102776	102277	
668	160187	631605	104474	103734	
669	161530	626162	106774	105534	
670	163391	619951	108886	107772	
671	165540	616687	107799	109974	
672	167729	618229	105152	108890	
673	166718	625486	101600	106196	
674	164020	631958	101394	102628	
675	160470	635798	101331	102401	
676	160247	634761	102675	102317	
677	160127	631623	104535	103715	
678	161496	626212	106694	105598	
679	163416	619995	108857	107732	
680	165460	616695	107866	109979	
681	167699	618126	105171	109004	
682	166757	625324	101638	106281	
683	164058	631835	101397	102710	
684	160518	635752	101283	102447	
685	160311	634764	102640	102285	
686	160099	631656	104566	103679	
687	161491	626301	106602	105606	
688	163405	620097	108836	107662	
689	165425	616744	107908	109923	
690	167687	618121	105200	108992	
691	166730	625303	101652	106315	
692	164062	631721	101458	102759	
693	160610	635690	101247	102453	
694	160305	634821	102632	102242	
695	160059	631715	104555	103671	
696	161473	626341	106577	105609	
697	163387	620136	108834	107643	
698	165414	616799	107876	109911	
699	167616	618145	105216	109023	
700	166806	625148	101763	106283	
701	164064	631649	101449	102838	
702	160634	635652	101203	102511	
703	160346	634809	102629	102216	
704	160072	631773	104539	103616	
705	161432	626431	106562	105575	
706	163398	620251	108766	107585	
707	165374	616844	107950	109832	
708	167561	618163	105206	109070	
709	166863	625085	101786	106266	
710	164055	631590	101503	102852	
711	160653	635576	101220	102551	
712	160342	634802	102586	102270	
713	160102	631747	104543	103608	
714	161387	626490	106525	105598	
715	163391	620325	108708	107576	
716	165398	616856	108008	109738	
717	167523	618196	105206	109075	
718	166810	625067	101812	106311	
719	164104	631548	101488	102860	
720	160684	635556	101268	102492	
721	160319	634858	102543	102280	
722	160054	631793	104539	103614	
723	161427	626454	106546	105573	
724	163351	620353	108683	107613	
725	165418	616880	107969	109733	
726	167541	618172	105276	109011	
727	166692	625026	101845	106437	
728	164238	631404	101474	102884	
729	160764	635578	101207	102451	
730	160220	634927	102582	102271	
731	160097	631800	104496	103607	
732	161399	626490	106568	105543	
733	163315	620349	108699	107637	
734	165401	616968	107852	109779	
735	167484	618130	105381	109005	
736	166821	624839	101931	106409	
737	164208	631430	101369	102993	
738	160774	635538	101258	102430	
739	160224	634907	102558	102311	
740	160109	631817	104471	103603	
741	161376	626532	106543	105549	
742	163366	620422	108640	107572	
743	165409	616986	107960	109645	
744	167381	618190	105366	109063	
745	166804	624805	101927	106464	
746	164296	631390	101381	102933	
747	160780	635593	101258	102369	
748	160217	634996	102530	102257	
749	160066	631848	104524	103562	
750	161367	626495	106570	105568	
751	163373	620470	108542	107615	
752	165322	617029	107966	109683	
753	167494	618039	105461	109006	
754	166785	624745	101933	106537	
755	164340	631315	101376	102969	
756	160775	635598	101217	102410	
757	160203	635012	102517	102268	
758	160128	631850	104525	103497	
759	161322	626661	106471	105546	
760	163319	620502	108639	107540	
761	165290	617043	107946	109721	
762	167415	617999	105500	109086	
763	166817	624640	101931	106612	
764	164395	631254	101363	102988	
765	160781	635531	101282	102406	
766	160253	634984	102480	102283	
767	160141	631915	104487	103457	
768	161295	626768	106456	105481	
769	163267	620653	108572	107508	
770	165215	617106	107977	109702	
771	167465	617926	105559	109050	
772	166800	624605	101933	106662	
773	164451	631144	101418	102987	
774	160812	635441	101309	102438	
775	160261	634946	102457	102336	
776	160131	631941	104430	103498	
777	161338	626846	106379	105437	
778	163191	620720	108612	107477	
779	165198	617121	107957	109724	
780	167465	617873	105606	109056	
781	166754	624537	101962	106747	
782	164500	631022	101425	103053	
783	160897	635384	101284	102435	
784	160246	634951	102486	102317	
785	160133	631996	104358	103513	
786	161286	626934	106358	105422	
787	163193	620753	108626	107428	
788	165235	617196	107910	109659	
789	167405	617944	105646	109005	
790	166809	624450	102053	106688	
791	164419	631021	101403	103157	
792	160954	635306	101296	102444	
793	160226	634981	102445	102348	
794	160213	632006	104353	103428	
795	161184	627000	106394	105422	
796	163262	620786	108559	107393	
797	165105	617234	107974	109687	
798	167439	617927	105581	109053	
799	166812	624398	102120	106670	
800	164426	631001	101378	103195	
801	161009	635206	101388	102397	
802	160208	635035	102345	102412	
803	160269	631985	104422	103324	
804	161144	627143	106274	105439	
805	163219	620858	108591	107332	
806	165131	617254	107981	109634	
807	167386	617949	105593	109072	
808	166748	624326	102174	106752	
809	164517	630863	101372	103248	
810	161015	635112	101432	102441	
811	160246	634989	102306	102459	
812	160296	632029	104377	103298	
813	161103	627201	106288	105408	
814	163256	620919	108551	107274	
815	164995	617427	107909	109669	
816	167392	617908	105681	109019	
817	166809	624283	102183	106725	
818	164459	630841	101417	103283	
819	161060	635002	101460	102478	
820	160284	634966	102269	102481	
821	160276	631994	104417	103313	
822	161147	627264	106162	105427	
823	163185	621014	108558	107243	
824	164984	617387	107975	109654	
825	167395	617917	105621	109067	
826	166804	624244	102233	106719	
827	164488	630770	101445	103297	
828	161089	634992	101432	102487	
829	160260	634947	102308	102485	
830	160330	632028	104348	103294	
831	161042	627373	106151	105434	
832	163155	621026	108560	107259	
833	165034	617372	107971	109623	
834	167410	617914	105654	109022	
835	166768	624225	102263	106744	
836	164500	630730	101429	103341	
837	161143	634902	101496	102459	
838	160239	635004	102213	102544	
839	160402	632096	104317	103185	
840	161016	627463	106196	105325	
841	163134	621072	108574	107220	
842	164921	617443	107934	109702	
843	167410	617868	105668	109054	
844	166767	624141	102315	106777	
845	164555	630655	101409	103381	
846	161163	634817	101563	102457	
847	160321	634975	102183	102521	
848	160319	632163	104305	103213	
849	161000	627563	106093	105344	
850	163140	621147	108588	107125	
851	164876	617539	107923	109662	
852	167376	617863	105725	109036	
853	166768	624058	102341	106833	
854	164646	630491	101493	103370	
855	161171	634805	101493	102531	
856	160332	634979	102172	102517	
857	160402	632164	104315	103119	
858	160955	627684	106049	105312	
859	163071	621277	108536	107116	
860	164920	617591	107926	109563	
861	167275	617873	105807	109045	
862	166788	623965	102346	106901	
863	164667	630420	101500	103413	
864	161214	634692	101569	102525	
865	160351	634946	102129	102574	
866	160414	632221	104240	103125	
867	160906	627722	106089	105283	
868	163078	621365	108438	107119	
869	164942	617650	107955	109453	
870	167125	617923	105841	109111	
871	166863	623824	102383	106930	
872	164731	630333	101515	103421	
873	161233	634635	101590	102542	
874	160330	634960	102081	102629	
875	160441	632224	104240	103095	
876	160887	627718	106114	105281	
877	162988	621494	108284	107234	
878	165050	617628	108024	109298	
879	166992	617952	105892	109164	
880	166895	623701	102406	106998	
881	164789	630263	101504	103444	
882	161285	634606	101608	102501	
883	160281	635006	102060	102653	
884	160453	632299	104158	103090	
885	160855	627711	106216	105218	
886	163007	621583	108155	107255	
887	164973	617697	108066	109264	
888	166971	617878	105951	109200	
889	166906	623560	102460	107074	
890	164809	630187	101451	103553	
891	161328	634542	101628	102502	
892	160302	635015	102027	102656	
893	160470	632306	104180	103044	
894	160838	627815	106132	105215	
895	163031	621679	108142	107148	
896	164913	617803	108078	109206	
897	166967	617903	105983	109147	
898	166848	623538	102500	107114	
899	164870	630092	101471	103567	
900	161349	634489	101641	102521	
901	160311	635007	102006	102676	
902	160437	632295	104202	103066	
903	160831	627828	106083	105258	
904	163028	621704	108135	107133	
905	164894	617870	108025	109211	
906	166864	617902	106038	109196	
907	166963	623417	102524	107096	
908	164836	630054	101490	103620	
909	161481	634453	101616	102450	
910	160251	635102	102011	102636	
911	160405	632332	104191	103072	
912	160861	627842	106070	105227	
913	162991	621828	108039	107142	
914	164865	617861	108127	109147	
915	166880	617881	106015	109224	
916	167023	623263	102660	107054	
917	164796	630035	101421	103748	
918	161586	634419	101580	102415	
919	160226	635149	102025	102600	
920	160430	632389	104160	103021	
921	160829	627957	106035	105179	
922	162928	621917	108042	107113	
923	164855	617829	108193	109123	
924	166885	617884	105964	109267	
925	166978	623186	102755	107081	
926	164844	629924	101400	103832	
927	161624	634334	101603	102439	
928	160252	635130	102002	102616	
929	160373	632447	104105	103075	
930	160822	627980	106019	105179	
931	162938	621920	108057	107085	
932	164782	617904	108138	109176	
933	166929	617849	106013	109209	
934	166935	623148	102798	107119	
935	164892	629825	101422	103861	
936	161626	634338	101552	102484	
937	160310	635139	101997	102554	
938	160383	632499	104122	102996	
939	160822	628099	105958	105121	
940	162863	622003	108097	107037	
941	164815	617938	108099	109148	
942	166928	617864	106065	109143	
943	166902	623157	102798	107143	
944	164861	629745	101482	103912	
945	161687	634217	101558	102538	
946	160324	635082	102001	102593	
947	160389	632545	104034	103032	
948	160793	628114	105991	105102	
949	162850	621995	108091	107064	
950	164821	617949	108070	109160	
951	166884	617918	106030	109168	
952	166854	623106	102866	107174	
953	164896	629636	101497	103971	
954	161692	634144	101560	102604	
955	160352	635041	101972	102635	
956	160430	632550	104024	102996	
957	160752	628160	105999	105089	
958	162940	622037	108054	106969	
959	164727	618123	108027	109123	
960	166855	617962	106068	109115	
961	166930	623122	102869	107079	
962	164822	629693	101533	103952	
963	161748	634088	101609	102555	
964	160340	635082	101931	102647	
965	160423	632495	104113	102969	
966	160786	628186	105907	105121	
967	162860	622117	108029	106994	
968	164715	618048	108104	109133	
969	166887	617940	106004	109169	
970	166873	623077	102925	107125	
971	164873	629613	101526	103988	
972	161804	634066	101598	102532	
973	160304	635087	101960	102649	
974	160446	632536	104035	102983	
975	160774	628258	105896	105072	
976	162812	622152	108062	106974	
977	164789	618084	108062	109065	
978	166795	618005	106051	109149	
979	166862	622994	102981	107163	
980	164934	629543	101484	104039	
981	161814	634039	101618	102529	
982	160295	635082	101956	102667	
983	160424	632566	103994	103016	
984	160772	628199	105972	105057	
985	162861	622182	107970	106987	
986	164768	618189	108033	109010	
987	166706	618018	106114	109162	
988	166894	622904	102999	107203	
989	164971	629492	101478	104059	
990	161927	634026	101605	102442	
991	160241	635183	101953	102623	
992	160418	632563	104040	102979	
993	160798	628215	105943	105044	
994	162742	622314	107885	107059	
995	164829	618171	108066	108934	
996	166693	618041	106139	109127	
997	166841	622796	103110	107253	
998	165002	629399	101420	104179	
999	161968	633982	101595	102455	
1000	160292	635143	101984	102581	
1001	160353	632689	103923	103035	
1002	160884	628205	106009	104902	
1003	162718	622402	107865	107015	
1004	164797	618276	108023	108904	
1005	166649	618073	106178	109100	
1006	166856	622746	103145	107253	
1007	165012	629308	101469	104211	
1008	161966	633971	101525	102538	
1009	160351	635055	102062	102532	
1010	160358	632683	103897	103062	
1011	160877	628252	105975	104896	
1012	162662	622494	107818	107026	
1013	164762	618313	108031	108894	
1014	166551	618069	106188	109192	
1015	166887	622654	103146	107313	
1016	165081	629198	101525	104196	
1017	161988	633909	101544	102559	
1018	160344	635024	102060	102572	
1019	160376	632695	103850	103079	
1020	160821	628306	105944	104929	
1021	162731	622574	107731	106964	
1022	164727	618417	108069	108787	
1023	166513	618068	106255	109164	
1024	166888	622585	103175	107352	
1025	165101	629132	101521	104246	
1026	162003	633859	101555	102583	
1027	160403	635047	101999	102551	
1028	160320	632724	103912	103044	
1029	160856	628320	105906	104918	
1030	162660	622663	107692	106985	
1031	164713	618436	108068	108783	
1032	166478	618046	106282	109194	
1033	166963	622514	103187	107336	
1034	165032	629060	101589	104319	
1035	162047	633765	101502	102686	
1036	160571	634959	102035	102435	
1037	160173	632868	103841	103118	
1038	160927	628335	105892	104846	
1039	162598	622792	107655	106955	
1040	164711	618435	108135	108719	
1041	166431	618115	106207	109247	
1042	166947	622491	103229	107333	
1043	165067	628873	101750	104310	
1044	162101	633764	101359	102776	
1045	160525	634931	102112	102432	
1046	160237	632860	103778	103125	
1047	160917	628393	105887	104803	
1048	162565	622889	107605	106941	
1049	164701	618507	108132	108660	