%Iteration	Healthy	Infected_1	Infected_2	Dead	
%pHIV=	[5, 1000]	; pINF=	[974, 1000000]	

0	995258	4742	0	0	
1	919970	80030	0	0	
2	654992	345008	0	0	
3	324116	675884	0	0	
4	125738	874262	0	0	
5	69003	930997	0	0	
6	60052	939948	0	0	
7	58961	861009	80030	0	
8	58838	596154	264978	80030	
9	137967	265373	330876	265784	
10	400358	67731	198378	333533	
11	723478	18010	56735	201777	
12	893937	38364	8951	58748	
13	877758	111631	1091	9520	
14	756383	242309	123	1185	
15	582360	417409	95	136	
16	397853	601313	736	98	
17	245375	746875	7014	736	
18	146391	817280	29305	7024	
19	101733	794538	74358	29371	
20	107926	686606	130801	74667	
21	169943	523346	175195	131516	
22	287687	351169	184640	176504	
23	439169	221888	152576	186367	
24	578754	167139	99710	154397	
25	653691	193449	51616	101244	
26	636363	288090	22869	52678	
27	537189	427494	11935	23382	
28	397495	577900	12463	12142	
29	264967	699145	23295	12593	
30	173276	758351	44961	23412	
31	131212	745674	77926	45188	
32	135299	668841	117510	78350	
33	180797	549582	151339	118282	
34	260373	424251	162869	152507	
35	359526	331588	144540	164346	
36	450013	299640	104167	146180	
37	497347	331753	65249	105651	
38	479185	413804	40677	66334	
39	407032	519527	32080	41361	
40	314143	615802	37538	32517	
41	230949	679311	51877	37863	
42	177743	697792	72219	52246	
43	156923	673039	97362	72676	
44	162963	616209	122728	98100	
45	192275	546200	137803	123722	
46	236780	490345	133813	139062	
47	282158	467249	115386	135207	
48	309433	483117	90700	116750	
49	309400	526161	72609	91830	
50	282948	577669	65898	73485	
51	244705	620887	67794	66614	
52	211528	642059	77958	68455	
53	189110	639997	92290	78603	
54	179264	621077	106568	93091	
55	180314	596516	115653	107517	
56	188699	577161	117406	116734	
57	197709	572689	111012	118590	
58	203358	585345	99130	112167	
59	201982	607589	90228	100201	
60	194518	626572	87648	91262	
61	186821	633564	91092	88523	
62	181713	628297	98051	91939	
63	181588	612912	106540	98960	
64	184818	595898	111786	107498	
65	189733	584901	112472	112894	
66	191704	588093	106631	113572	
67	188557	605593	98084	107766	
68	179479	628656	92784	99081	
69	168619	646415	91155	93811	
70	162132	651018	94772	92078	
71	159822	643016	101475	95687	
72	162660	625116	109823	102401	
73	168100	605525	115584	110791	
74	175723	591741	115847	116689	
75	181529	592522	108914	117035	
76	181670	608807	99375	110148	
77	173927	632029	93473	100571	
78	163477	650084	91923	94516	
79	156901	654178	95993	92928	
80	154359	646637	102063	96941	
81	157686	629636	109695	102983	
82	163239	610414	115660	110687	
83	170299	596288	116695	116718	
84	175795	596393	109978	117834	
85	176749	612037	100087	111127	
86	169987	634291	94522	101200	
87	160156	651591	92694	95559	
88	154708	655177	96438	93677	
89	153135	646911	102569	97385	
90	156949	629380	110083	103588	
91	163113	610039	115731	111117	
92	170498	595879	116776	116847	
93	175896	596135	109994	117975	
94	176683	612081	100024	111212	
95	169852	634714	94303	101131	
96	159643	652434	92552	95371	
97	153788	656277	96390	93545	
98	152051	647970	102616	97363	
99	155973	630160	110250	103617	
100	162434	610354	115970	111242	
101	170204	595780	116936	117080	
102	176147	595459	110272	118122	
103	177094	611154	100233	111519	
104	170365	633943	94309	101383	
105	160089	652175	92440	95296	
106	153838	656621	96164	93377	
107	151893	648705	102362	97040	
108	155383	631296	109951	103370	
109	161767	611339	115928	110966	
110	169262	596570	117098	117070	
111	175386	595770	110672	118172	
112	176309	611219	100610	111862	
113	169995	633796	94446	101763	
114	160022	651959	92542	95477	
115	153603	656878	95971	93548	
116	151677	649057	102329	96937	
117	155137	631690	109872	103301	
118	161585	611464	116059	110892	
119	169227	596571	117023	117179	
120	175514	595608	110705	118173	
121	176439	610800	100890	111871	
122	170214	633307	94508	101971	
123	160394	651573	92505	95528	
124	154051	656689	95833	93427	
125	151835	649302	102130	96733	
126	155012	632145	109742	103101	
127	161259	611866	116082	110793	
128	168885	596895	117015	117205	
129	175204	595831	110771	118194	
130	176156	610949	100949	111946	
131	169961	633197	94743	102099	
132	160169	651475	92585	95771	
133	153875	656757	95803	93565	
134	151695	649509	102044	96752	
135	155000	632312	109707	102981	
136	161205	611997	116067	110731	
137	168942	596908	116991	117159	
138	175299	595697	110863	118141	
139	176187	610676	101085	112052	
140	170079	632880	94796	102245	
141	160339	651320	92510	95831	
142	153939	656833	95752	93476	
143	151581	649812	101902	96705	
144	154775	632707	109652	102866	
145	160911	612327	116064	110698	
146	168741	597118	117000	117141	
147	175110	595747	110950	118193	
148	176181	610434	101265	112120	
149	170130	632612	94881	102377	
150	160356	651113	92547	95984	
151	154093	656722	95684	93501	
152	151541	649999	101791	96669	
153	154770	632897	109579	102754	
154	160741	612686	115952	110621	
155	168597	597304	117059	117040	
156	174936	595767	111048	118249	
157	176202	610258	101293	112247	
158	170300	632231	95068	102401	
159	160582	650838	92477	96103	
160	154349	656455	95741	93455	
161	151653	650005	101677	96665	
162	154761	633111	109511	102617	
163	160627	613028	115784	110561	
164	168516	597566	117041	116877	
165	174740	595955	111084	118221	
166	176087	610301	101358	112254	
167	170119	632194	95227	102460	
168	160475	650708	92617	96200	
169	154133	656536	95701	93630	
170	151706	650099	101579	96616	
171	154637	633295	109473	102595	
172	160620	613177	115704	110499	
173	168487	597560	117120	116833	
174	174850	595756	111131	118263	
175	176200	609933	101529	112338	
176	170352	631883	95142	102623	
177	160702	650464	92669	96165	
178	154267	656494	95586	93653	
179	151752	650184	101503	96561	
180	154663	633553	109327	102457	
181	160563	613427	115706	110304	
182	168224	597841	117092	116843	
183	174669	595779	111250	118302	
184	176174	609819	101616	112391	
185	170350	631774	95193	102683	
186	160596	650473	92696	96235	
187	154183	656556	95580	93681	
188	151753	650262	101506	96479	
189	154493	633832	109188	102487	
190	160451	613666	115656	110227	
191	168136	597968	117148	116748	
192	174555	595737	111395	118313	
193	176149	609655	101663	112533	
194	170400	631615	95212	102773	
195	160644	650328	92758	96270	
196	154305	656500	95490	93705	
197	151827	650273	101450	96450	
198	154573	633779	109164	102484	
199	160642	613585	115581	110192	
200	168211	597890	117172	116727	
201	174734	595474	111471	118321	
202	176233	609431	101662	112674	
203	170525	631443	95223	102809	
204	160725	650330	92670	96275	
205	154294	656696	95387	93623	
206	151619	650600	101477	96304	
207	154295	634233	109055	102417	
208	160312	614003	115619	110066	
209	168005	598101	117235	116659	
210	174526	595557	111557	118360	
211	176204	609324	101753	112719	
212	170650	631061	95381	102908	
213	160956	649963	92688	96393	
214	154438	656485	95389	93688	
215	151821	650552	101333	96294	
216	154316	634319	109013	102352	
217	160299	614135	115520	110046	
218	167913	598339	117118	116630	
219	174467	595675	111590	118268	
220	176132	609216	101911	112741	
221	170589	630988	95400	103023	
222	161067	649748	92780	96405	
223	154624	656275	95336	93765	
224	152082	650347	101322	96249	
225	154479	634311	108926	102284	
226	160425	614189	115452	109934	
227	167972	598304	117172	116552	
228	174547	595654	111540	118259	
229	176137	609254	101863	112746	
230	170637	630944	95394	103025	
231	161037	649676	92890	96397	
232	154474	656338	95330	93858	
233	152058	650386	101287	96269	
234	154346	634483	108890	102281	
235	160199	614400	115463	109938	
236	167727	598567	117084	116622	
237	174388	595731	111622	118259	
238	175993	609184	101992	112831	
239	170629	630886	95335	103150	
240	160982	649640	92987	96391	
241	154315	656330	95380	93975	
242	151942	650480	101251	96327	
243	154291	634701	108786	102222	
244	160136	614622	115445	109797	
245	167675	598785	117037	116503	
246	174229	595770	111741	118260	
247	176039	609000	102070	112891	
248	170744	630716	95401	103139	
249	161108	649528	93007	96357	
250	154279	656360	95366	93995	
251	151873	650562	101200	96365	
252	154290	634810	108726	102174	
253	160090	614907	115300	109703	
254	167460	598982	117117	116441	
255	174215	595707	111819	118259	
256	176013	608766	102198	113023	
257	170792	630473	95402	103333	
258	161189	649365	92974	96472	
259	154396	656263	95397	93944	
260	151937	650580	101192	96291	
261	154306	635067	108544	102083	
262	160001	615184	115257	109558	
263	167356	599150	117109	116385	
264	174118	595734	111866	118282	
265	175999	608668	102295	113038	
266	170816	630236	95509	103439	
267	161312	649117	93031	96540	
268	154510	656133	95374	93983	
269	151987	650651	101075	96287	
270	154235	635293	108450	102022	
271	159854	615407	115229	109510	
272	167264	599333	117077	116326	
273	174043	595835	111912	118210	
274	175874	608607	102390	113129	
275	170885	629990	95593	103532	
276	161447	648890	93092	96571	
277	154460	656110	95343	94087	
278	152042	650686	101003	96269	
279	154151	635429	108414	102006	
280	159845	615550	115162	109443	
281	167213	599547	116976	116264	
282	174013	595873	111992	118122	
283	175873	608449	102563	113115	
284	170876	629867	95579	103678	
285	161583	648708	93157	96552	
286	154443	656134	95283	94140	
287	152016	650738	100973	96273	
288	154163	635585	108318	101934	
289	159799	615758	115139	109304	
290	167153	599665	116997	116185	
291	173885	595927	111998	118190	
292	175958	608196	102709	113137	
293	170878	629683	95577	103862	
294	161670	648530	93165	96635	
295	154477	656030	95312	94181	
296	152079	650744	100904	96273	
297	154178	635721	108260	101841	
298	159641	616096	114978	109285	
299	167025	599810	117064	116101	
300	173782	595957	112012	118249	
301	175886	608059	102812	113243	
302	171049	629411	95618	103922	
303	161744	648319	93237	96700	
304	154671	655829	95353	94147	
305	152064	650833	100778	96325	
306	154271	635850	108159	101720	
307	159574	616330	114914	109182	
308	166989	600068	116970	115973	
309	173700	596073	112145	118082	
310	175722	608078	102863	113337	
311	171044	629152	95782	104022	
312	161802	648179	93176	96843	
313	154718	655738	95394	94150	
314	152059	650894	100708	96339	
315	154246	635957	108150	101647	
316	159490	616481	114868	109161	
317	166880	600282	116856	115982	
318	173662	596129	112203	118006	
319	175628	608002	102953	113417	
320	171064	628923	95864	104149	
321	161938	647950	93213	96899	
322	154847	655609	95392	94152	
323	152062	650940	100657	96341	
324	154212	636096	108050	101642	
325	159465	616611	114826	109098	
326	166801	600434	116785	115980	
327	173679	596112	112240	117969	
328	175657	607898	103051	113394	
329	171146	628695	95988	104171	
330	161983	647811	93206	97000	
331	154927	655607	95341	94125	
332	151977	651085	100608	96330	
333	154218	636315	107918	101549	
334	159442	616850	114837	108871	
335	166694	600651	116785	115870	
336	173665	596137	112322	117876	
337	175555	607782	103137	113526	
338	171188	628392	96086	104334	
339	162226	647580	93148	97046	
340	154908	655592	95372	94128	
341	152069	651051	100586	96294	
342	154141	636468	107808	101583	
343	159423	616996	114782	108799	
344	166588	600856	116696	115860	
345	173537	596244	112336	117883	
346	175563	607533	103384	113520	
347	171220	628198	96045	104537	
348	162316	647324	93225	97135	
349	155030	655467	95310	94193	
350	152073	651112	100556	96259	
351	154181	636589	107724	101506	
352	159344	617217	114673	108766	
353	166524	600996	116710	115770	
354	173525	596311	112351	117813	
355	175480	607549	103453	113518	
356	171230	627977	96201	104592	
357	162411	647146	93201	97242	
358	155150	655409	95301	94140	
359	152060	651213	100489	96238	
360	154094	636768	107666	101472	
361	159309	617333	114691	108667	
362	166437	601168	116629	115766	
363	173433	596414	112370	117783	
364	175417	607445	103564	113574	
365	171280	627736	96293	104691	
366	162462	646990	93221	97327	
367	155206	655383	95256	94155	
368	152024	651302	100464	96210	
369	154107	636884	107616	101393	
370	159134	617576	114595	108695	
371	166435	601305	116584	115676	
372	173327	596440	112475	117758	
373	175404	607279	103649	113668	
374	171355	627477	96383	104785	
375	162554	646802	93198	97446	
376	155264	655295	95287	94154	
377	152048	651452	100313	96187	
378	154045	637075	107610	101270	
379	159077	617817	114488	108618	
380	166334	601488	116581	115597	
381	173301	596449	112523	117727	
382	175362	607171	103780	113687	
383	171353	627245	96470	104932	
384	162639	646563	93233	97565	
385	155401	655153	95230	94216	
386	152119	651479	100252	96150	
387	153971	637301	107484	101244	
388	159035	617974	114502	108489	
389	166245	601613	116544	115598	
390	173283	596459	112551	117707	
391	175354	607099	103820	113727	
392	171405	627042	96578	104975	
393	162775	646319	93306	97600	
394	155446	655083	95175	94296	
395	152215	651515	100183	96087	
396	154031	637456	107397	101116	
397	158938	618218	114460	108384	
398	166078	601845	116521	115556	
399	173264	596525	112583	117628	
400	175270	607020	103939	113771	
401	171452	626858	96615	105075	
402	162903	646162	93338	97597	
403	155422	655027	95222	94329	
404	152268	651474	100148	96110	
405	153978	637643	107263	101116	
406	158868	618350	114434	108348	
407	166053	601941	116453	115553	
408	173231	596513	112642	117614	
409	175223	606848	104087	113842	
410	171514	626669	96595	105222	
411	162890	645961	93432	97717	
412	155555	654884	95141	94420	
413	152291	651584	100044	96081	
414	153948	637838	107214	101000	
415	158782	618561	114422	108235	
416	165910	602101	116416	115573	
417	173243	596478	112724	117555	
418	175246	606841	104064	113849	
419	171528	626519	96744	105209	
420	162979	645770	93468	97783	
421	155546	654816	95145	94493	
422	152320	651601	99956	96123	
423	153982	638043	107101	100874	
424	158588	618804	114427	108181	
425	165931	602181	116422	115466	
426	173114	596569	112719	117598	
427	175194	606660	104191	113955	
428	171666	626302	96741	105291	
429	163081	645611	93543	97765	
430	155661	654660	95188	94491	
431	152397	651694	99799	96110	
432	153995	638144	107107	100754	
433	158556	619047	114282	108115	
434	165787	602400	116383	115430	
435	173092	596528	112852	117528	
436	175176	606573	104237	114014	
437	171761	626073	96833	105333	
438	163109	645468	93557	97866	
439	155685	654602	95185	94528	
440	152386	651761	99736	96117	
441	153944	638359	106980	100717	
442	158514	619205	114282	107999	
443	165749	602574	116333	115344	
444	173019	596558	112952	117471	
445	175089	606478	104319	114114	
446	171801	625863	96895	105441	
447	163144	645281	93578	97997	
448	155789	654519	95128	94564	
449	152501	651792	99702	96005	
450	153852	638566	106936	100646	
451	158459	619391	114239	107911	
452	165582	602785	116280	115353	
453	172989	596605	112996	117410	
454	175052	606414	104366	114168	
455	171817	625689	96975	105519	
456	163285	644984	93710	98021	
457	155844	654410	95064	94682	
458	152565	651794	99674	95967	
459	153845	638721	106816	100618	
460	158411	619566	114175	107848	
461	165578	602945	116250	115227	
462	172853	596731	113005	117411	
463	175034	606317	104490	114159	
464	171815	625502	97058	105625	
465	163379	644770	93743	98108	
466	155893	654324	95020	94763	
467	152644	651776	99629	95951	
468	153826	638825	106791	100558	
469	158375	619782	114076	107767	
470	165479	603150	116243	115128	
471	172785	596837	113011	117367	
472	174933	606255	104574	114238	
473	171870	625314	97081	105735	
474	163488	644536	93840	98136	
475	155986	654169	95033	94812	
476	152689	651724	99611	95976	
477	153853	638896	106698	100553	
478	158355	619963	113992	107690	
479	165409	603394	116140	115057	
480	172685	596962	113062	117291	
481	174831	606233	104666	114270	
482	171900	625106	97166	105828	
483	163502	644354	93870	98274	
484	156018	654041	95059	94882	
485	152714	651701	99571	96014	
486	153795	639000	106630	100575	
487	158335	620063	113937	107665	
488	165378	603585	116039	114998	
489	172704	597051	113118	117127	
490	174784	606233	104746	114237	
491	171902	624997	97231	105870	
492	163551	644186	93929	98334	
493	156146	653958	95000	94896	
494	152712	651763	99561	95964	
495	153789	639120	106584	100507	
496	158291	620187	113928	107594	
497	165352	603676	115995	114977	
498	172581	597123	113118	117178	
499	174758	606162	104772	114308	
500	171973	624774	97366	105887	
501	163652	644014	93941	98393	
502	156246	653868	94995	94891	
503	152760	651843	99484	95913	
504	153663	639276	106565	100496	
505	158275	620347	113811	107567	
506	165230	603863	115978	114929	
507	172553	597154	113181	117112	
508	174796	606037	104849	114318	
509	171954	624589	97459	105998	
510	163711	643773	93998	98518	
511	156307	653819	94882	94992	
512	152881	651845	99494	95780	
513	153640	639454	106472	100434	
514	158243	620572	113732	107453	
515	165183	604024	116011	114782	
516	172332	597241	113182	117245	
517	174833	605862	104928	114377	
518	172018	624375	97520	106087	
519	163835	643509	94081	98575	
520	156336	653691	94850	95123	
521	152927	651798	99463	95812	
522	153660	639525	106399	100416	
523	158191	620832	113549	107428	
524	165119	604225	116033	114623	
525	172289	597348	113215	117148	
526	174809	605815	105032	114344	
527	171969	624308	97570	106153	
528	163943	643364	94126	98567	
529	156421	653673	94856	95050	
530	152872	651890	99426	95812	
531	153649	639650	106338	100363	
532	158165	621014	113499	107322	
533	165024	604352	116063	114561	
534	172167	597435	113182	117216	
535	174824	605651	105165	114360	
536	172004	624078	97643	106275	
537	163991	643215	94098	98696	
538	156485	653573	94863	95079	
539	152915	651875	99401	95809	
540	153677	639746	106265	100312	
541	158158	621237	113381	107224	
542	164931	604538	116070	114461	
543	172086	597476	113235	117203	
544	174753	605588	105221	114438	
545	172030	623882	97703	106385	
546	164163	642974	94136	98727	
547	156536	653485	94872	95107	
548	152903	651883	99371	95843	
549	153730	639836	106173	100261	
550	158005	621472	113333	107190	
551	164910	604695	115997	114398	
552	172083	597605	113228	117084	
553	174679	605535	105383	114403	
554	172036	623657	97769	106538	
555	164252	642803	94126	98819	
556	156587	653319	94969	95125	
557	152933	651936	99220	95911	
558	153761	639957	106138	100144	
559	157940	621612	113313	107135	
560	164839	604890	115891	114380	
561	171988	597706	113272	117034	
562	174725	605421	105485	114369	
563	172021	623533	97837	106609	
564	164311	642635	94159	98895	
565	156566	653230	94968	95236	
566	153068	651862	99169	95901	
567	153718	640069	106088	100125	
568	157874	621842	113200	107084	
569	164775	605008	115949	114268	
570	171906	597756	113261	117077	
571	174717	605328	105563	114392	
572	172010	623486	97801	106703	
573	164461	642428	94295	98816	
574	156593	653160	94973	95274	
575	153044	651868	99115	95973	
576	153789	640134	106009	100068	
577	157767	622013	113135	107085	
578	164795	605040	115959	114206	
579	171846	597844	113237	117073	
580	174626	605212	105705	114457	
581	172052	623261	97823	106864	
582	164597	642273	94275	98855	
583	156622	653083	95014	95281	
584	153077	651972	98986	95965	
585	153786	640257	106041	99916	
586	157657	622218	113073	107052	
587	164741	605240	115872	114147	
588	171757	597953	113287	117003	
589	174613	605127	105824	114436	
590	172068	623115	97875	106942	
591	164667	642087	94326	98920	
592	156710	652955	95034	95301	
593	153080	651994	98894	96032	
594	153849	640313	106000	99838	
595	157599	622391	112998	107012	
596	164666	605397	115863	114074	
597	171716	598012	113298	116974	
598	174557	605075	105902	114466	
599	172092	622930	97933	107045	
600	164706	641933	94319	99042	
601	156793	652798	95076	95333	
602	153141	651938	98869	96052	
603	153820	640421	105913	99846	
604	157631	622522	112965	106882	
605	164560	605611	115788	114041	
606	171730	598090	113322	116858	
607	174449	605116	105941	114494	
608	172151	622793	98009	107047	
609	164753	641790	94396	99061	
610	156814	652703	95066	95417	
611	153195	651906	98877	96022	
612	153855	640526	105801	99818	
613	157608	622632	112967	106793	
614	164532	605800	115686	113982	
615	171612	598201	113393	116794	
616	174327	605086	105979	114608	
617	172219	622577	98080	107124	
618	164817	641619	94421	99143	
619	156914	652573	95073	95440	
620	153274	651845	98854	96027	
621	153809	640563	105794	99834	
622	157562	622755	112864	106819	
623	164449	606012	115571	113968	
624	171499	598272	113463	116766	
625	174362	605000	106027	114611	
626	172268	622477	98126	107129	
627	164746	641488	94512	99254	
628	157024	652406	95056	95514	
629	153381	651825	98828	95966	
630	153733	640757	105723	99787	
631	157525	622965	112755	106755	
632	164459	606136	115603	113802	
633	171503	598335	113523	116639	
634	174264	605102	105974	114660	
635	172209	622371	98247	107173	
636	164826	641179	94655	99340	
637	157099	652292	94963	95646	
638	153446	651862	98774	95918	
639	153750	640813	105722	99715	
640	157477	623064	112741	106718	
641	164379	606269	115516	113836	
642	171451	598422	113463	116664	
643	174278	605022	106076	114624	
644	172220	622216	98344	107220	
645	164934	640996	94673	99397	
646	157156	652168	94992	95684	
647	153542	651835	98721	95902	
648	153680	641001	105616	99703	
649	157421	623271	112676	106632	
650	164269	606423	115538	113770	
651	171370	598502	113453	116675	
652	174212	604993	106164	114631	
653	172266	622069	98388	107277	
654	164991	640805	94782	99422	
655	157186	652073	94946	95795	
656	153620	651815	98690	95875	
657	153639	641155	105532	99674	
658	157458	623386	112655	106501	
659	164203	606632	115464	113701	
660	171354	598594	113518	116534	
661	174083	604990	106214	114713	
662	172339	621895	98432	107334	
663	165045	640619	94872	99464	
664	157188	652007	94886	95919	
665	153701	651723	98710	95866	
666	153652	641198	105480	99670	
667	157437	623476	112610	106477	
668	164202	606818	115337	113643	
669	171243	598684	113596	116477	
670	174023	604917	106274	114786	
671	172370	621781	98426	107423	
672	165114	640458	94955	99473	
673	157215	651932	94888	95965	
674	153771	651711	98679	95839	
675	153654	641269	105462	99615	
676	157355	623655	112507	106483	
677	164207	606954	115290	113549	
678	171208	598777	113632	116383	
679	174013	604878	106362	114747	
680	172305	621701	98458	107536	
681	165181	640225	95020	99574	
682	157333	651763	94893	96011	
683	153772	651771	98589	95868	
684	153694	641312	105455	99539	
685	157347	623787	112463	106403	
686	164078	607091	115281	113550	
687	171157	598894	113544	116405	
688	173966	604873	106431	114730	
689	172263	621516	98597	107624	
690	165218	640055	94996	99731	
691	157472	651585	94938	96005	
692	153805	651705	98585	95905	
693	153649	641418	105347	99586	
694	157279	623921	112410	106390	
695	164008	607247	115240	113505	
696	171086	598975	113535	116404	
697	173998	604841	106468	114693	
698	172329	621382	98705	107584	
699	165328	639897	95060	99715	
700	157483	651576	94913	96028	
701	153814	651740	98566	95880	
702	153648	641545	105263	99544	
703	157311	624122	112334	106233	
704	163909	607427	115246	113418	
705	170991	599028	113575	116406	
706	173901	604678	106592	114829	
707	172452	621126	98730	107692	
708	165339	639763	95068	99830	
709	157578	651434	94911	96077	
710	153903	651708	98551	95838	
711	153649	641679	105176	99496	
712	157262	624316	112242	106180	
713	163816	607656	115178	113350	
714	170913	599032	113705	116350	
715	173925	604640	106582	114853	
716	172440	621010	98825	107725	
717	165372	639563	95147	99918	
718	157680	651316	94879	96125	
719	153923	651726	98518	95833	
720	153608	641809	105081	99502	
721	157268	624493	112190	106049	
722	163746	607839	115195	113220	
723	170888	599126	113700	116286	
724	173822	604663	106632	114883	
725	172415	620853	98928	107804	
726	165472	639327	95164	100037	
727	157742	651169	94874	96215	
728	153968	651645	98541	95846	
729	153649	641883	104987	99481	
730	157153	624603	112169	106075	
731	163787	607916	115118	113179	
732	170772	599336	113638	116254	
733	173883	604675	106716	114726	
734	172313	620811	99017	107859	
735	165531	639163	95225	100081	
736	157842	651067	94889	96202	
737	154015	651739	98431	95815	
738	153655	641945	105058	99342	
739	157058	624784	112055	106103	
740	163790	607955	115153	113102	
741	170704	599423	113577	116296	
742	173903	604608	106793	114696	
743	172280	620670	99103	107947	
744	165618	638940	95264	100178	
745	157948	650926	94894	96232	
746	153981	651821	98324	95874	
747	153636	642018	105045	99301	
748	157056	624932	111978	106034	
749	163701	608091	115165	113043	
750	170614	599540	113534	116312	
751	173855	604532	106880	114733	
752	172322	620451	99219	108008	
753	165656	638772	95242	100330	
754	158083	650805	94892	96220	
755	154005	651800	98324	95871	
756	153720	642071	104983	99226	
757	156979	625180	111872	105969	
758	163604	608292	115138	112966	
759	170562	599610	113563	116265	
760	173815	604511	106925	114749	
761	172303	620288	99319	108090	
762	165730	638612	95254	100404	
763	158182	650615	94981	96222	
764	154025	651802	98250	95923	
765	153692	642218	104881	99209	
766	156974	625345	111826	105855	
767	163529	608488	115096	112887	
768	170488	599709	113578	116225	
769	173757	604502	106984	114757	
770	172307	620108	99437	108148	
771	165800	638384	95297	100519	
772	158207	650496	94953	96344	
773	154127	651708	98239	95926	
774	153733	642301	104799	99167	
775	156938	625517	111777	105768	
776	163474	608678	115043	112805	
777	170414	599839	113573	116174	
778	173748	604450	107065	114737	
779	172348	620020	99451	108181	
780	165824	638259	95392	100525	
781	158289	650347	94993	96371	
782	154158	651699	98204	95939	
783	153727	642379	104734	99160	
784	156917	625705	111676	105702	
785	163445	608847	115021	112687	
786	170343	599906	113631	116120	
787	173751	604435	107081	114733	
788	172351	619901	99556	108192	
789	165864	638085	95414	100637	
790	158378	650230	95002	96390	
791	154179	651714	98163	95944	
792	153716	642466	104690	99128	
793	156947	625833	111610	105610	
794	163246	609033	115022	112699	
795	170238	599975	113598	116189	
796	173702	604354	107147	114797	
797	172420	619685	99647	108248	
798	165895	637939	95442	100724	
799	158455	650134	94977	96434	
800	154227	651620	98222	95931	
801	153721	642566	104540	99173	
802	156879	626024	111526	105571	
803	163203	609193	114978	112626	
804	170293	599974	113696	116037	
805	173614	604394	107172	114820	
806	172404	619571	99708	108317	
807	165973	637742	95486	100799	
808	158520	650016	94984	96480	
809	154292	651638	98147	95923	
810	153718	642706	104477	99099	
811	156890	626076	111592	105442	
812	163102	609349	114885	112664	
813	170217	600059	113657	116067	
814	173631	604297	107258	114814	
815	172362	619433	99769	108436	
816	166110	637532	95545	100813	
817	158582	649952	94962	96504	
818	154240	651642	98158	95960	
819	153765	642770	104367	99098	
820	156841	626299	111496	105364	
821	163051	609496	114905	112548	
822	170108	600173	113644	116075	
823	173608	604187	107382	114823	
824	172392	619231	99848	108529	
825	166176	637372	95495	100957	
826	158710	649793	95025	96472	
827	154254	651651	98102	95993	
828	153757	642835	104321	99087	
829	156884	626439	111396	105281	
830	162958	609688	114892	112462	
831	170071	600290	113636	116003	
832	173623	604185	107446	114746	
833	172315	619134	99960	108591	
834	166175	637225	95505	101095	
835	158863	649651	95000	96486	
836	154242	651636	98141	95981	
837	153750	642899	104238	99113	
838	156847	626575	111341	105237	
839	162950	609786	114909	112355	
840	169991	600412	113596	116001	
841	173567	604260	107426	114747	
842	172277	618997	100126	108600	
843	166216	637062	95501	101221	
844	158949	649524	95017	96510	
845	154320	651607	98120	95953	
846	153691	642972	104222	99115	
847	156835	626657	111274	105234	
848	162950	609880	114863	112307	
849	169959	600547	113566	115928	
850	173480	604314	107479	114727	
851	172322	618873	100203	108602	
852	166285	636871	95587	101257	
853	158947	649470	94959	96624	
854	154324	651601	98086	95989	
855	153743	642963	104233	99061	
856	156845	626714	111246	105195	
857	162848	610085	114762	112305	
858	169828	600644	113585	115943	
859	173483	604206	107558	114753	
860	172361	618743	100217	108679	
861	166321	636767	95595	101317	
862	159040	649355	94997	96608	
863	154350	651518	98133	95999	
864	153794	642987	104144	99075	
865	156828	626934	111120	105118	
866	162745	610295	114754	112206	
867	169785	600700	113619	115896	
868	173471	604191	107585	114753	
869	172334	618632	100296	108738	
870	166424	636629	95613	101334	
871	159106	649255	95067	96572	
872	154290	651509	98115	96086	
873	153833	643039	104024	99104	
874	156868	627059	111076	104997	
875	162670	610463	114737	112130	
876	169711	600795	113610	115884	
877	173466	604092	107693	114749	
878	172272	618478	100369	108881	
879	166572	636474	95554	101400	
880	159129	649206	95096	96569	
881	154372	651459	98141	96028	
882	153806	643161	103942	99091	
883	156867	627257	110990	104886	
884	162562	610645	114755	112038	
885	169669	600945	113550	115836	
886	173368	604073	107828	114731	
887	172288	618322	100394	108996	
888	166612	636255	95644	101489	
889	159269	649040	95086	96605	
890	154391	651435	98143	96031	
891	153795	643257	103850	99098	
892	156821	627354	110956	104869	
893	162558	610784	114643	112015	
894	169624	601039	113577	115760	
895	173355	604072	107871	114702	
896	172287	618161	100538	109014	
897	166594	636037	95672	101697	
898	159444	648853	95053	96650	
899	154396	651488	98073	96043	
900	153787	643320	103832	99061	
901	156742	627474	110904	104880	
902	162596	610874	114627	111903	
903	169490	601224	113548	115738	
904	173240	604129	107869	114762	
905	172240	617967	100708	109085	
906	166741	635832	95664	101763	
907	159483	648767	95058	96692	
908	154455	651487	98027	96031	
909	153832	643323	103898	98947	
910	156701	627640	110774	104885	
911	162539	611076	114546	111839	
912	169384	601357	113529	115730	
913	173306	604026	107993	114675	
914	172260	617878	100747	109115	
915	166811	635660	95734	101795	
916	159514	648648	95091	96747	
917	154464	651451	97982	96103	
918	153873	643367	103810	98950	
919	156672	627853	110662	104813	
920	162509	611206	114599	111686	
921	169323	601477	113516	115684	
922	173258	603993	108079	114670	
923	172218	617758	100785	109239	
924	166846	635533	95726	101895	
925	159556	648498	95148	96798	
926	154566	651375	97952	96107	
927	153845	643441	103787	98927	
928	156663	627972	110595	104770	
929	162481	611370	114550	111599	
930	169239	601637	113501	115623	
931	173149	604063	108113	114675	
932	172301	617662	100829	109208	
933	166814	635401	95853	101932	
934	159604	648366	95126	96904	
935	154673	651296	97948	96083	
936	153849	643465	103768	98918	
937	156636	628043	110539	104782	
938	162551	611537	114428	111484	
939	169104	601763	113592	115541	
940	173109	604067	108091	114733	
941	172291	617590	100878	109241	
942	166895	635248	95937	101920	
943	159668	648281	95117	96934	
944	154687	651302	97922	96089	
945	153860	643427	103818	98895	
946	156600	628181	110395	104824	
947	162511	611647	114401	111441	
948	169068	601838	113595	115499	
949	173009	604048	108150	114793	
950	172396	617402	100943	109259	
951	166907	635137	95943	102013	
952	159732	648162	95149	96957	
953	154690	651295	97867	96148	
954	153966	643452	103786	98796	
955	156532	628322	110360	104786	
956	162451	611853	114297	111399	
957	169036	601898	113678	115388	
958	172982	604038	108174	114806	
959	172428	617282	101000	109290	
960	166894	635052	95943	102111	
961	159810	648008	95230	96952	
962	154744	651265	97828	96163	
963	153978	643562	103723	98737	
964	156417	628499	110314	104770	
965	162399	611965	114244	111392	
966	168981	601939	113713	115367	
967	172851	604025	108186	114938	
968	172516	617095	101085	109304	
969	166968	634880	96020	102132	
970	159879	647860	95251	97010	
971	154752	651306	97710	96232	
972	154005	643659	103687	98649	
973	156434	628671	110272	104623	
974	162325	612234	114155	111286	
975	168849	602033	113805	115313	
976	172847	603949	108231	114973	
977	172477	616923	101156	109444	
978	167089	634652	96040	102219	
979	159942	647734	95284	97040	
980	154753	651255	97718	96274	
981	154043	643685	103604	98668	
982	156369	628866	110147	104618	
983	162285	612378	114130	111207	
984	168817	602180	113769	115234	
985	172764	603922	108366	114948	
986	172513	616724	101239	109524	
987	167150	634494	96034	102322	
988	160041	647574	95328	97057	
989	154817	651251	97642	96290	
990	154010	643777	103571	98642	
991	156337	628958	110108	104597	
992	162259	612524	114041	111176	
993	168801	602272	113804	115123	
994	172703	603963	108408	114926	
995	172476	616630	101319	109575	
996	167142	634303	96097	102458	
997	160163	647431	95289	97117	
998	154858	651266	97607	96269	
999	154068	643843	103552	98537	
1000	156293	629085	110099	104523	
1001	162175	612681	113986	111158	
1002	168757	602372	113770	115101	
1003	172687	603995	108417	114901	
1004	172484	616508	101442	109566	
1005	167225	634142	96129	102504	
1006	160159	647323	95341	97177	
1007	154902	651169	97582	96347	
1008	154133	643886	103461	98520	
1009	156242	629255	110040	104463	
1010	162147	612838	113955	111060	
1011	168636	602513	113763	115088	
1012	172700	603903	108522	114875	
1013	172444	616456	101428	109672	
1014	167272	634003	96178	102547	
1015	160211	647155	95409	97225	
1016	154944	651113	97538	96405	
1017	154139	643892	103438	98531	
1018	156326	629399	109912	104363	
1019	162048	613024	113981	110947	
1020	168544	602633	113725	115098	
1021	172646	603900	108561	114893	
1022	172445	616331	101496	109728	
1023	167417	633836	96217	102530	
1024	160220	647130	95419	97231	
1025	154951	651013	97606	96430	
1026	154180	643906	103334	98580	
1027	156337	629532	109828	104303	
1028	161943	613227	113927	110903	
1029	168536	602720	113722	115022	
1030	172626	603824	108713	114837	
1031	172417	616255	101489	109839	
1032	167460	633724	96227	102589	
1033	160246	647002	95454	97298	
1034	155029	650914	97622	96435	
1035	154158	644017	103215	98610	
1036	156328	629636	109817	104219	
1037	161859	613324	113920	110897	
1038	168409	602766	113696	115129	
1039	172626	603736	108732	114906	
1040	172489	616119	101534	109858	
1041	167515	633580	96318	102587	
1042	160262	646949	95436	97353	
1043	155126	650854	97608	96412	
1044	154191	644121	103138	98550	
1045	156330	629883	109702	104085	
1046	161730	613591	113917	110762	
1047	168366	602849	113779	115006	
1048	172551	603700	108805	114944	
1049	172441	616031	101513	110015	